     0.0   8.651      1
     1.0   25.96     -1
     2.0   43.25      1
     3.0   60.55     -1
     4.0   77.86      1
     5.0   95.02     -1
     6.0   112.8      1
     7.0   129.0     -1
     8.0   147.7      1
     9.0   152.5     -1
    10.0   100.8      1
    11.0   51.70     -1
    12.0   25.38      1
    13.0   12.47     -1
    14.0   6.147      1
    15.0   3.031     -1
    16.0   1.493      1
    17.0  0.7332     -1
    18.0  0.3590      1
    19.0  0.1753     -1
    20.0  0.8538E-01  1
    21.0  0.4146E-01 -1
    22.0  0.2008E-01  1
