     0.0   1.964      1
     1.0   5.890     -1
     2.0   9.810      1
     3.0   13.72     -1
     4.0   17.62      1
     5.0   21.50     -1
     6.0   25.35      1
     7.0   29.18     -1
     8.0   32.98      1
     9.0   36.72     -1
    10.0   40.41      1
    11.0   44.00     -1
    12.0   47.43      1
    13.0   50.59     -1
    14.0   53.04      1
    15.0   53.90     -1
    16.0   52.10      1
    17.0   47.33     -1
    18.0   40.43      1
    19.0   32.78     -1
    20.0   25.55      1
    21.0   19.35     -1
    22.0   14.37      1
    23.0   10.53     -1
    24.0   7.637      1
    25.0   5.503     -1
    26.0   3.945      1
    27.0   2.817     -1
    28.0   2.005      1
    29.0   1.424     -1
    30.0   1.009      1
    31.0  0.7136     -1
    32.0  0.5039      1
    33.0  0.3553     -1
    34.0  0.2502      1
    35.0  0.1760     -1
    36.0  0.1236      1
    37.0  0.8674E-01 -1
    38.0  0.6081E-01  1
    39.0  0.4259E-01 -1
