     0.5   2.391      1
     0.5   4.766     -1
     1.5   4.670      1
     1.5   9.410     -1
     2.5   6.982      1
     2.5   13.80     -1
     3.5   8.707      1
     3.5   17.75     -1
     4.5   10.84      1
     4.5   21.04     -1
     5.5   11.13      1
     5.5   23.39     -1
     6.5   13.16      1
     6.5   24.52     -1
     7.5   10.83      1
     7.5   24.15     -1
     8.5   12.61      1
     8.5   22.25     -1
     9.5   8.039      1
     9.5   19.15     -1
    10.5   9.130      1
    10.5   15.45     -1
    11.5   4.731      1
    11.5   11.80     -1
    12.5   5.220      1
    12.5   8.629     -1
    13.5   2.387      1
    13.5   6.105     -1
    14.5   2.579      1
    14.5   4.217     -1
    15.5   1.106      1
    15.5   2.862     -1
    16.5   1.179      1
    16.5   1.918     -1
    17.5  0.4894      1
    17.5   1.273     -1
    18.5  0.5172      1
    18.5  0.8393     -1
    19.5  0.2109      1
    19.5  0.5501     -1
    20.5  0.2215      1
    20.5  0.3590     -1
    21.5  0.8929E-01  1
    21.5  0.2333     -1
    22.5  0.9336E-01  1
