     0.0  0.2753      1
     0.0  0.5524     -1
     1.0   2.485      1
     1.0   4.965     -1
     2.0   5.479      1
     2.0   10.97     -1
     3.0   7.586      1
     3.0   15.16     -1
     4.0   9.545      1
     4.0   19.12     -1
     5.0   11.40      1
     5.0   22.75     -1
     6.0   12.91      1
     6.0   25.92     -1
     7.0   14.30      1
     7.0   28.44     -1
     8.0   14.96      1
     8.0   30.12     -1
     9.0   15.47      1
     9.0   30.73     -1
    10.0   14.97      1
    10.0   30.10     -1
    11.0   14.13      1
    11.0   28.20     -1
    12.0   12.63      1
    12.0   25.17     -1
    13.0   10.58      1
    13.0   21.38     -1
    14.0   8.817      1
    14.0   17.32     -1
    15.0   6.558      1
    15.0   13.45     -1
    16.0   5.191      1
    16.0   10.07     -1
    17.0   3.535      1
    17.0   7.328     -1
    18.0   2.708      1
    18.0   5.214     -1
    19.0   1.749      1
    19.0   3.649     -1
    20.0   1.316      1
    20.0   2.523     -1
    21.0  0.8260      1
    21.0   1.728     -1
    22.0  0.6146      1
    22.0   1.176     -1
