     0.5   15.91      1
     0.5   32.05     -1
     1.5   31.49      1
     1.5   63.76     -1
     2.5   47.23      1
     2.5   96.66     -1
     3.5   58.50      1
     3.5   124.4     -1
     4.5   73.12      1
     4.5   109.4     -1
     5.5   15.89      1
     5.5   59.46     -1
     6.5   18.54      1
     6.5   24.92     -1
     7.5   2.494      1
     7.5   9.780     -1
     8.5   2.806      1
     8.5   3.768     -1
     9.5  0.3659      1
     9.5   1.434     -1
    10.5  0.4024      1
    10.5  0.5400     -1
    11.5  0.5116E-01  1
    11.5  0.2012     -1
    12.5  0.5543E-01  1
