     0.0   2.499      1
     0.0   5.012     -1
     1.0   14.96      1
     1.0   30.01     -1
     2.0   24.79      1
     2.0   49.76     -1
     3.0   34.11      1
     3.0   68.81     -1
     4.0   43.79      1
     4.0   82.06     -1
     5.0   37.90      1
     5.0   78.69     -1
     6.0   26.37      1
     6.0   57.25     -1
     7.0   18.65      1
     7.0   32.52     -1
     8.0   6.722      1
     8.0   16.14     -1
     9.0   4.448      1
     9.0   7.596     -1
    10.0   1.447      1
    10.0   3.496     -1
    11.0  0.9303      1
    11.0   1.587     -1
    12.0  0.2952      1
    12.0  0.7135     -1
    13.0  0.1865      1
    13.0  0.3180     -1
