     0.5   1.842      1
     0.5   3.673     -1
     1.5   3.611      1
     1.5   7.268     -1
     2.5   5.404      1
     2.5   10.70     -1
     3.5   6.830      1
     3.5   13.87     -1
     4.5   8.508      1
     4.5   16.64     -1
     5.5   9.119      1
     5.5   18.87     -1
     6.5   10.68      1
     6.5   20.35     -1
     7.5   9.729      1
     7.5   20.92     -1
     8.5   11.16      1
     8.5   20.40     -1
     9.5   8.290      1
     9.5   18.82     -1
    10.5   9.359      1
    10.5   16.39     -1
    11.5   5.677      1
    11.5   13.53     -1
    12.5   6.269      1
    12.5   10.66     -1
    13.5   3.291      1
    13.5   8.093     -1
    14.5   3.563      1
    14.5   5.967     -1
    15.5   1.722      1
    15.5   4.305     -1
    16.5   1.839      1
    16.5   3.056     -1
    17.5  0.8509      1
    17.5   2.144     -1
    18.5  0.9001      1
    18.5   1.490     -1
    19.5  0.4067      1
    19.5   1.029     -1
    20.5  0.4274      1
    20.5  0.7063     -1
    21.5  0.1904      1
    21.5  0.4828     -1
    22.5  0.1992      1
    22.5  0.3287     -1
    23.5  0.8790E-01  1
    23.5  0.2231     -1
    24.5  0.9157E-01  1
