     0.0  0.7318      1
     0.0   1.469     -1
     1.0   6.601      1
     1.0   13.19     -1
     2.0   14.50      1
     2.0   29.04     -1
     3.0   19.94      1
     3.0   39.71     -1
     4.0   24.44      1
     4.0   49.20     -1
     5.0   28.77      1
     5.0   56.82     -1
     6.0   30.23      1
     6.0   61.48     -1
     7.0   31.27      1
     7.0   61.72     -1
     8.0   28.20      1
     8.0   56.65     -1
     9.0   23.06      1
     9.0   46.81     -1
    10.0   17.94      1
    10.0   34.40     -1
    11.0   10.47      1
    11.0   22.55     -1
    12.0   7.359      1
    12.0   13.45     -1
    13.0   3.347      1
    13.0   7.508     -1
    14.0   2.244      1
    14.0   4.021     -1
    15.0  0.9267      1
    15.0   2.105     -1
