     0.5   8.507      1
     0.5   17.01     -1
     1.5   16.90      1
     1.5   33.90     -1
     2.5   25.35      1
     2.5   50.46     -1
     3.5   33.41      1
     3.5   66.89     -1
     4.5   41.77      1
     4.5   77.93     -1
     5.5   28.16      1
     5.5   71.55     -1
     6.5   32.85      1
     6.5   49.93     -1
     7.5   9.165      1
     7.5   28.68     -1
     8.5   10.31      1
     8.5   14.98     -1
     9.5   2.313      1
     9.5   7.495     -1
    10.5   2.544      1
    10.5   3.673     -1
    11.5  0.5447      1
    11.5   1.776     -1
    12.5  0.5900      1
    12.5  0.8504     -1
    13.5  0.1234      1
    13.5  0.4038     -1
    14.5  0.1322      1
    14.5  0.1904     -1
    15.5  0.2719E-01  1
    15.5  0.8918E-01 -1
