     0.0  0.2587      1
     0.0  0.5190     -1
     1.0   2.335      1
     1.0   4.665     -1
     2.0   5.149      1
     2.0   10.31     -1
     3.0   7.134      1
     3.0   14.25     -1
     4.0   8.986      1
     4.0   18.00     -1
     5.0   10.75      1
     5.0   21.45     -1
     6.0   12.21      1
     6.0   24.50     -1
     7.0   13.55      1
     7.0   26.98     -1
     8.0   14.28      1
     8.0   28.73     -1
     9.0   14.87      1
     9.0   29.53     -1
    10.0   14.53      1
    10.0   29.24     -1
    11.0   13.92      1
    11.0   27.75     -1
    12.0   12.60      1
    12.0   25.17     -1
    13.0   10.80      1
    13.0   21.77     -1
    14.0   9.124      1
    14.0   17.99     -1
    15.0   6.967      1
    15.0   14.24     -1
    16.0   5.579      1
    16.0   10.86     -1
    17.0   3.894      1
    17.0   8.045     -1
    18.0   3.013      1
    18.0   5.820     -1
    19.0   1.989      1
    19.0   4.136     -1
    20.0   1.509      1
    20.0   2.901     -1
    21.0  0.9658      1
    21.0   2.015     -1
    22.0  0.7242      1
    22.0   1.389     -1
    23.0  0.4558      1
