     0.0   2.106      1
     1.0   6.316     -1
     2.0   10.52      1
     3.0   14.71     -1
     4.0   18.89      1
     5.0   23.06     -1
     6.0   27.19      1
     7.0   31.30     -1
     8.0   35.37      1
     9.0   39.40     -1
    10.0   43.35      1
    11.0   47.20     -1
    12.0   50.88      1
    13.0   54.17     -1
    14.0   56.43      1
    15.0   56.36     -1
    16.0   52.94      1
    17.0   46.41     -1
    18.0   38.21      1
    19.0   29.97     -1
    20.0   22.69      1
    21.0   16.77     -1
    22.0   12.19      1
    23.0   8.768     -1
    24.0   6.256      1
    25.0   4.438     -1
    26.0   3.135      1
    27.0   2.207     -1
    28.0   1.550      1
    29.0   1.086     -1
    30.0  0.7592      1
    31.0  0.5299     -1
    32.0  0.3693      1
    33.0  0.2570     -1
    34.0  0.1787      1
    35.0  0.1240     -1
    36.0  0.8601E-01  1
    37.0  0.5958E-01 -1
    38.0  0.4123E-01  1
