     0.0   3.856      1
     0.0   7.767     -1
     1.0   23.06      1
     1.0   46.49     -1
     2.0   38.13      1
     2.0   77.63     -1
     3.0   49.69      1
     3.0   105.5     -1
     4.0   61.73      1
     4.0   112.2     -1
     5.0   45.91      1
     5.0   83.34     -1
     6.0   16.42      1
     6.0   42.26     -1
     7.0   10.82      1
     7.0   17.43     -1
     8.0   2.594      1
     8.0   6.824     -1
     9.0   1.629      1
     9.0   2.631     -1
    10.0  0.3827      1
    10.0   1.004     -1
    11.0  0.2346      1
    11.0  0.3790     -1
