     0.5   14.49      1
     0.5   29.96     -1
     1.5   28.68      1
     1.5   59.24     -1
     2.5   42.78      1
     2.5   90.26     -1
     3.5   59.77      1
     3.5   121.0     -1
     4.5   81.40      1
     4.5   125.8     -1
     5.5   21.41      1
     5.5   80.16     -1
     6.5   26.44      1
     6.5   34.48     -1
     7.5   2.678      1
     7.5   12.11     -1
     8.5   3.047      1
     8.5   3.895     -1
     9.5  0.2634      1
     9.5   1.209     -1
    10.5  0.2902      1
    10.5  0.3720     -1
    11.5  0.2557E-01  1
    11.5  0.1148     -1
