     0.5   1.655      1
     0.5   3.301     -1
     1.5   3.249      1
     1.5   6.537     -1
     2.5   4.864      1
     2.5   9.638     -1
     3.5   6.176      1
     3.5   12.52     -1
     4.5   7.696      1
     4.5   15.09     -1
     5.5   8.361      1
     5.5   17.22     -1
     6.5   9.767      1
     6.5   18.75     -1
     7.5   9.195      1
     7.5   19.54     -1
     8.5   10.49      1
     8.5   19.43     -1
     9.5   8.233      1
     9.5   18.36     -1
    10.5   9.260      1
    10.5   16.45     -1
    11.5   5.974      1
    11.5   13.99     -1
    12.5   6.594      1
    12.5   11.35     -1
    13.5   3.657      1
    13.5   8.854     -1
    14.5   3.961      1
    14.5   6.697     -1
    15.5   2.006      1
    15.5   4.947     -1
    16.5   2.143      1
    16.5   3.591     -1
    17.5   1.033      1
    17.5   2.572     -1
    18.5   1.094      1
    18.5   1.825     -1
    19.5  0.5137      1
    19.5   1.284     -1
    20.5  0.5399      1
    20.5  0.8989     -1
    21.5  0.2497      1
    21.5  0.6260     -1
    22.5  0.2612      1
    22.5  0.4343     -1
    23.5  0.1196      1
    23.5  0.3003     -1
    24.5  0.1246      1
    24.5  0.2070     -1
    25.5  0.5663E-01  1
    25.5  0.1423     -1
