     0.0   2.942      1
     0.0   5.913     -1
     1.0   17.61      1
     1.0   35.39     -1
     2.0   29.17      1
     2.0   58.82     -1
     3.0   39.75      1
     3.0   81.13     -1
     4.0   50.96      1
     4.0   93.72     -1
     5.0   41.28      1
     5.0   82.80     -1
     6.0   23.09      1
     6.0   53.27     -1
     7.0   15.85      1
     7.0   26.76     -1
     8.0   4.874      1
     8.0   12.10     -1
     9.0   3.157      1
     9.0   5.284     -1
    10.0  0.9145      1
    10.0   2.271     -1
    11.0  0.5767      1
    11.0  0.9653     -1
    12.0  0.1635      1
