     0.0   3.558      1
     0.0   7.164     -1
     1.0   21.28      1
     1.0   42.88     -1
     2.0   35.22      1
     2.0   71.49     -1
     3.0   46.74      1
     3.0   97.79     -1
     4.0   58.94      1
     4.0   107.0     -1
     5.0   44.79      1
     5.0   84.10     -1
     6.0   18.44      1
     6.0   45.95     -1
     7.0   12.29      1
     7.0   20.05     -1
     8.0   3.168      1
     8.0   8.188     -1
     9.0   2.007      1
     9.0   3.277     -1
    10.0  0.5031      1
    10.0   1.297     -1
    11.0  0.3108      1
    11.0  0.5077     -1
