     0.5   3.636      1
     0.5   7.281     -1
     1.5   10.88      1
     1.5   21.71     -1
     2.5   15.97      1
     2.5   32.08     -1
     3.5   21.01      1
     3.5   41.33     -1
     4.5   23.33      1
     4.5   47.83     -1
     5.5   25.16      1
     5.5   49.33     -1
     6.5   21.45      1
     6.5   44.36     -1
     7.5   18.33      1
     7.5   34.16     -1
     8.5   10.16      1
     8.5   22.82     -1
     9.5   7.789      1
     9.5   13.80     -1
    10.5   3.402      1
    10.5   7.889     -1
    11.5   2.496      1
    11.5   4.375     -1
    12.5   1.022      1
    12.5   2.384     -1
    13.5  0.7344      1
    13.5   1.284     -1
    14.5  0.2936      1
    14.5  0.6860     -1
