     0.5   8.750      1
     0.5   17.50     -1
     1.5   17.39      1
     1.5   34.88     -1
     2.5   26.08      1
     2.5   51.92     -1
     3.5   34.42      1
     3.5   68.87     -1
     4.5   43.02      1
     4.5   79.79     -1
     5.5   27.96      1
     5.5   72.09     -1
     6.5   32.63      1
     6.5   49.23     -1
     7.5   8.776      1
     7.5   27.76     -1
     8.5   9.873      1
     8.5   14.28     -1
     9.5   2.163      1
     9.5   7.064     -1
    10.5   2.379      1
    10.5   3.424     -1
    11.5  0.4989      1
    11.5   1.639     -1
    12.5  0.5405      1
    12.5  0.7765     -1
    13.5  0.1108      1
    13.5  0.3650     -1
    14.5  0.1187      1
    14.5  0.1703     -1
    15.5  0.2391E-01  1
    15.5  0.7897E-01 -1
