     0.0   3.993      1
     1.0   11.98     -1
     2.0   19.95      1
     3.0   27.92     -1
     4.0   35.86      1
     5.0   43.80     -1
     6.0   51.69      1
     7.0   59.58     -1
     8.0   67.44      1
     9.0   75.18     -1
    10.0   83.17      1
    11.0   90.24     -1
    12.0   89.22      1
    13.0   75.32     -1
    14.0   55.31      1
    15.0   37.37     -1
    16.0   24.20      1
    17.0   15.34     -1
    18.0   9.622      1
    19.0   5.993     -1
    20.0   3.716      1
    21.0   2.296     -1
    22.0   1.415      1
    23.0  0.8692     -1
    24.0  0.5328      1
    25.0  0.3259     -1
    26.0  0.1989      1
    27.0  0.1212     -1
    28.0  0.7371E-01  1
    29.0  0.4476E-01 -1
    30.0  0.2714E-01  1
