     0.0   1.903      1
     0.0   3.808     -1
     1.0   11.39      1
     1.0   22.80     -1
     2.0   18.88      1
     2.0   37.73     -1
     3.0   26.04      1
     3.0   52.15     -1
     4.0   33.21      1
     4.0   64.14     -1
     5.0   32.18      1
     5.0   67.85     -1
     6.0   28.91      1
     6.0   58.31     -1
     7.0   21.74      1
     7.0   40.20     -1
     8.0   10.34      1
     8.0   23.50     -1
     9.0   7.132      1
     9.0   12.59     -1
    10.0   2.791      1
    10.0   6.472     -1
    11.0   1.856      1
    11.0   3.260     -1
    12.0  0.6973      1
    12.0   1.621     -1
    13.0  0.4550      1
    13.0  0.7981     -1
    14.0  0.1675      1
