     0.0   3.750      1
     0.0   7.551     -1
     1.0   22.43      1
     1.0   45.20     -1
     2.0   37.10      1
     2.0   75.42     -1
     3.0   48.75      1
     3.0   102.8     -1
     4.0   61.01      1
     4.0   110.8     -1
     5.0   45.76      1
     5.0   84.30     -1
     6.0   17.37      1
     6.0   44.12     -1
     7.0   11.49      1
     7.0   18.61     -1
     8.0   2.832      1
     8.0   7.401     -1
     9.0   1.783      1
     9.0   2.892     -1
    10.0  0.4287      1
    10.0   1.117     -1
    11.0  0.2634      1
    11.0  0.4273     -1
