     0.0   2.127      1
     0.0   4.260     -1
     1.0   12.73      1
     1.0   25.50     -1
     2.0   21.11      1
     2.0   42.24     -1
     3.0   29.12      1
     3.0   58.40     -1
     4.0   37.25      1
     4.0   71.16     -1
     5.0   34.57      1
     5.0   72.82     -1
     6.0   28.52      1
     6.0   58.94     -1
     7.0   20.90      1
     7.0   37.74     -1
     8.0   8.893      1
     8.0   20.66     -1
     9.0   6.026      1
     9.0   10.49     -1
    10.0   2.191      1
    10.0   5.160     -1
    11.0   1.436      1
    11.0   2.494     -1
    12.0  0.5048      1
    12.0   1.191     -1
    13.0  0.3250      1
    13.0  0.5638     -1
    14.0  0.1121      1
