     0.5   9.340      1
     0.5   18.69     -1
     1.5   18.28      1
     1.5   36.76     -1
     2.5   27.08      1
     2.5   53.04     -1
     3.5   32.87      1
     3.5   67.48     -1
     4.5   42.98      1
     4.5   76.69     -1
     5.5   25.87      1
     5.5   70.11     -1
     6.5   32.74      1
     6.5   48.04     -1
     7.5   7.572      1
     7.5   25.99     -1
     8.5   8.757      1
     8.5   12.14     -1
     9.5   1.436      1
     9.5   5.246     -1
    10.5   1.590      1
    10.5   2.187     -1
    11.5  0.2468      1
    11.5  0.9000     -1
    12.5  0.2677      1
    12.5  0.3698     -1
    13.5  0.4240E-01  1
    13.5  0.1524     -1
    14.5  0.4544E-01  1
