     0.5   1.776      1
     0.5   3.542     -1
     1.5   3.483      1
     1.5   7.010     -1
     2.5   5.214      1
     2.5   10.33     -1
     3.5   6.600      1
     3.5   13.40     -1
     4.5   8.222      1
     4.5   16.10     -1
     5.5   8.856      1
     5.5   18.29     -1
     6.5   10.36      1
     6.5   19.80     -1
     7.5   9.551      1
     7.5   20.45     -1
     8.5   10.93      1
     8.5   20.08     -1
     9.5   8.281      1
     9.5   18.68     -1
    10.5   9.337      1
    10.5   16.43     -1
    11.5   5.785      1
    11.5   13.71     -1
    12.5   6.388      1
    12.5   10.91     -1
    13.5   3.417      1
    13.5   8.359     -1
    14.5   3.701      1
    14.5   6.217     -1
    15.5   1.818      1
    15.5   4.522     -1
    16.5   1.941      1
    16.5   3.235     -1
    17.5  0.9110      1
    17.5   2.286     -1
    18.5  0.9638      1
    18.5   1.600     -1
    19.5  0.4414      1
    19.5   1.112     -1
    20.5  0.4639      1
    20.5  0.7685     -1
    21.5  0.2094      1
    21.5  0.5287     -1
    22.5  0.2190      1
    22.5  0.3624     -1
    23.5  0.9788E-01  1
    23.5  0.2475     -1
    24.5  0.1020      1
    24.5  0.1686     -1
