     0.0   3.436      1
     1.0   10.31     -1
     2.0   17.17      1
     3.0   24.02     -1
     4.0   30.85      1
     5.0   37.67     -1
     6.0   44.46      1
     7.0   51.21     -1
     8.0   57.94      1
     9.0   64.59     -1
    10.0   71.18      1
    11.0   77.71     -1
    12.0   81.65      1
    13.0   77.67     -1
    14.0   64.80      1
    15.0   48.50     -1
    16.0   33.90      1
    17.0   22.81     -1
    18.0   15.02      1
    19.0   9.778     -1
    20.0   6.317      1
    21.0   4.060     -1
    22.0   2.599      1
    23.0   1.659     -1
    24.0   1.056      1
    25.0  0.6708     -1
    26.0  0.4251      1
    27.0  0.2689     -1
    28.0  0.1698      1
    29.0  0.1070     -1
    30.0  0.6737E-01  1
    31.0  0.4234E-01 -1
    32.0  0.2658E-01  1
