     0.0  0.1896      1
     0.0  0.3802     -1
     1.0   1.711      1
     1.0   3.418     -1
     2.0   3.778      1
     2.0   7.562     -1
     3.0   5.246      1
     3.0   10.48     -1
     4.0   6.640      1
     4.0   13.29     -1
     5.0   7.983      1
     5.0   15.95     -1
     6.0   9.180      1
     6.0   18.39     -1
     7.0   10.30      1
     7.0   20.55     -1
     8.0   11.14      1
     8.0   22.35     -1
     9.0   11.88      1
     9.0   23.67     -1
    10.0   12.14      1
    10.0   24.41     -1
    11.0   12.28      1
    11.0   24.44     -1
    12.0   11.80      1
    12.0   23.70     -1
    13.0   11.10      1
    13.0   22.16     -1
    14.0   9.995      1
    14.0   19.95     -1
    15.0   8.576      1
    15.0   17.27     -1
    16.0   7.287      1
    16.0   14.40     -1
    17.0   5.708      1
    17.0   11.61     -1
    18.0   4.645      1
    18.0   9.097     -1
    19.0   3.395      1
    19.0   6.962     -1
    20.0   2.688      1
    20.0   5.231     -1
    21.0   1.881      1
    21.0   3.876     -1
    22.0   1.465      1
    22.0   2.841     -1
    23.0  0.9997      1
    23.0   2.066     -1
    24.0  0.7708      1
    24.0   1.493     -1
    25.0  0.5188      1
    25.0   1.073     -1
