     0.5   12.11      1
     0.5   24.30     -1
     1.5   24.04      1
     1.5   48.43     -1
     2.5   36.07      1
     2.5   72.54     -1
     3.5   47.62      1
     3.5   96.25     -1
     4.5   59.52      1
     4.5   99.88     -1
     5.5   22.68      1
     5.5   71.11     -1
     6.5   26.46      1
     6.5   37.18     -1
     7.5   4.789      1
     7.5   17.04     -1
     8.5   5.387      1
     8.5   7.476     -1
     9.5  0.8976      1
     9.5   3.219     -1
    10.5  0.9874      1
    10.5   1.369     -1
    11.5  0.1601      1
    11.5  0.5759     -1
    12.5  0.1735      1
    12.5  0.2401     -1
    13.5  0.2753E-01  1
    13.5  0.9933E-01 -1
