     0.5   8.761      1
     0.5   17.62     -1
     1.5   26.20      1
     1.5   52.76     -1
     2.5   36.81      1
     2.5   76.78     -1
     3.5   47.10      1
     3.5   90.71     -1
     4.5   44.02      1
     4.5   86.86     -1
     5.5   35.09      1
     5.5   63.76     -1
     6.5   13.63      1
     6.5   34.53     -1
     7.5   9.467      1
     7.5   15.30     -1
     8.5   2.416      1
     8.5   6.354     -1
     9.5   1.601      1
     9.5   2.585     -1
    10.5  0.3958      1
    10.5   1.040     -1
