     0.0   2.201      1
     0.0   4.410     -1
     1.0   13.18      1
     1.0   26.40     -1
     2.0   21.85      1
     2.0   43.74     -1
     3.0   30.13      1
     3.0   60.49     -1
     4.0   38.58      1
     4.0   73.39     -1
     5.0   35.23      1
     5.0   74.09     -1
     6.0   28.07      1
     6.0   58.60     -1
     7.0   20.39      1
     7.0   36.53     -1
     8.0   8.351      1
     8.0   19.55     -1
     9.0   5.628      1
     9.0   9.760     -1
    10.0   1.997      1
    10.0   4.730     -1
    11.0   1.304      1
    11.0   2.256     -1
    12.0  0.4487      1
    12.0   1.064     -1
    13.0  0.2877      1
    13.0  0.4974     -1
