     0.0   1.782      1
     1.0   5.343     -1
     2.0   8.900      1
     3.0   12.45     -1
     4.0   15.98      1
     5.0   19.50     -1
     6.0   23.00      1
     7.0   26.47     -1
     8.0   29.91      1
     9.0   33.30     -1
    10.0   36.64      1
    11.0   39.90     -1
    12.0   43.03      1
    13.0   45.95     -1
    14.0   48.45      1
    15.0   50.01     -1
    16.0   49.81      1
    17.0   47.21     -1
    18.0   42.32      1
    19.0   35.96     -1
    20.0   29.23      1
    21.0   22.97     -1
    22.0   17.60      1
    23.0   13.26     -1
    24.0   9.855      1
    25.0   7.261     -1
    26.0   5.314      1
    27.0   3.870     -1
    28.0   2.808      1
    29.0   2.031     -1
    30.0   1.465      1
    31.0   1.055     -1
    32.0  0.7582      1
    33.0  0.5441     -1
    34.0  0.3899      1
    35.0  0.2790     -1
    36.0  0.1994      1
    37.0  0.1424     -1
    38.0  0.1016      1
    39.0  0.7237E-01 -1
    40.0  0.5152E-01  1
    41.0  0.3665E-01 -1
