     0.5   4.049      1
     0.5   8.109     -1
     1.5   12.12      1
     1.5   24.18     -1
     2.5   17.77      1
     2.5   35.72     -1
     3.5   23.38      1
     3.5   45.83     -1
     4.5   25.51      1
     4.5   52.37     -1
     5.5   26.82      1
     5.5   52.67     -1
     6.5   21.79      1
     6.5   45.46     -1
     7.5   18.05      1
     7.5   33.14     -1
     8.5   9.137      1
     8.5   20.89     -1
     9.5   6.857      1
     9.5   12.01     -1
    10.5   2.803      1
    10.5   6.582     -1
    11.5   2.023      1
    11.5   3.516     -1
    12.5  0.7848      1
    12.5   1.851     -1
    13.5  0.5556      1
