     0.5   15.19      1
     0.5   30.57     -1
     1.5   30.08      1
     1.5   60.85     -1
     2.5   45.12      1
     2.5   92.02     -1
     3.5   56.91      1
     3.5   119.4     -1
     4.5   71.14      1
     4.5   108.6     -1
     5.5   17.07      1
     5.5   62.02     -1
     6.5   19.91      1
     6.5   26.94     -1
     7.5   2.813      1
     7.5   10.85     -1
     8.5   3.164      1
     8.5   4.272     -1
     9.5  0.4308      1
     9.5   1.662     -1
    10.5  0.4739      1
    10.5  0.6394     -1
    11.5  0.6292E-01  1
    11.5  0.2435     -1
    12.5  0.6816E-01  1
