     0.0  0.2258      1
     0.0  0.4530     -1
     1.0   2.038      1
     1.0   4.072     -1
     2.0   4.498      1
     2.0   9.002     -1
     3.0   6.237      1
     3.0   12.46     -1
     4.0   7.875      1
     4.0   15.77     -1
     5.0   9.442      1
     5.0   18.85     -1
     6.0   10.79      1
     6.0   21.63     -1
     7.0   12.04      1
     7.0   24.00     -1
     8.0   12.85      1
     8.0   25.81     -1
     9.0   13.54      1
     9.0   26.93     -1
    10.0   13.52      1
    10.0   27.20     -1
    11.0   13.31      1
    11.0   26.50     -1
    12.0   12.38      1
    12.0   24.81     -1
    13.0   11.10      1
    13.0   22.27     -1
    14.0   9.647      1
    14.0   19.14     -1
    15.0   7.775      1
    15.0   15.78     -1
    16.0   6.389      1
    16.0   12.53     -1
    17.0   4.696      1
    17.0   9.633     -1
    18.0   3.714      1
    18.0   7.219     -1
    19.0   2.566      1
    19.0   5.302     -1
    20.0   1.983      1
    20.0   3.835     -1
    21.0   1.322      1
    21.0   2.742     -1
    22.0   1.008      1
    22.0   1.943     -1
    23.0  0.6581      1
    23.0   1.368     -1
    24.0  0.4976      1
    24.0  0.9583     -1
