     0.0   3.077      1
     0.0   6.186     -1
     1.0   18.41      1
     1.0   37.03     -1
     2.0   30.49      1
     2.0   61.58     -1
     3.0   41.37      1
     3.0   84.83     -1
     4.0   52.93      1
     4.0   96.92     -1
     5.0   42.17      1
     5.0   83.47     -1
     6.0   22.05      1
     6.0   51.78     -1
     7.0   15.02      1
     7.0   25.15     -1
     8.0   4.429      1
     8.0   11.10     -1
     9.0   2.853      1
     9.0   4.749     -1
    10.0  0.7996      1
    10.0   2.002     -1
    11.0  0.5018      1
    11.0  0.8352     -1
    12.0  0.1377      1
