     0.0   3.467      1
     0.0   6.977     -1
     1.0   20.74      1
     1.0   41.76     -1
     2.0   34.32      1
     2.0   69.59     -1
     3.0   45.83      1
     3.0   95.38     -1
     4.0   58.06      1
     4.0   105.5     -1
     5.0   44.53      1
     5.0   84.68     -1
     6.0   19.35      1
     6.0   47.61     -1
     7.0   12.95      1
     7.0   21.24     -1
     8.0   3.426      1
     8.0   8.802     -1
     9.0   2.177      1
     9.0   3.567     -1
    10.0  0.5570      1
    10.0   1.428     -1
    11.0  0.3451      1
    11.0  0.5656     -1
    12.0  0.8645E-01  1
