     0.5   9.138      1
     0.5   18.28     -1
     1.5   18.16      1
     1.5   36.45     -1
     2.5   27.24      1
     2.5   54.28     -1
     3.5   36.01      1
     3.5   72.06     -1
     4.5   45.02      1
     4.5   82.66     -1
     5.5   27.57      1
     5.5   72.75     -1
     6.5   32.17      1
     6.5   48.03     -1
     7.5   8.183      1
     7.5   26.31     -1
     8.5   9.206      1
     8.5   13.24     -1
     9.5   1.945      1
     9.5   6.429     -1
    10.5   2.140      1
    10.5   3.064     -1
    11.5  0.4343      1
    11.5   1.442     -1
    12.5  0.4705      1
    12.5  0.6726     -1
    13.5  0.9337E-01  1
    13.5  0.3111     -1
    14.5  0.1000      1
    14.5  0.1429     -1
