     0.0  0.6201      1
     0.0   1.245     -1
     1.0   5.596      1
     1.0   11.18     -1
     2.0   12.29      1
     2.0   24.61     -1
     3.0   16.91      1
     3.0   33.71     -1
     4.0   20.79      1
     4.0   41.83     -1
     5.0   24.47      1
     5.0   48.45     -1
     6.0   26.03      1
     6.0   52.80     -1
     7.0   27.33      1
     7.0   53.95     -1
     8.0   25.42      1
     8.0   51.17     -1
     9.0   22.12      1
     9.0   44.53     -1
    10.0   18.05      1
    10.0   35.21     -1
    11.0   12.03      1
    11.0   25.25     -1
    12.0   8.852      1
    12.0   16.59     -1
    13.0   4.672      1
    13.0   10.18     -1
    14.0   3.248      1
    14.0   5.953     -1
    15.0   1.526      1
    15.0   3.379     -1
    16.0   1.036      1
    16.0   1.885     -1
