     0.5   9.708      1
     0.5   19.43     -1
     1.5   19.29      1
     1.5   38.74     -1
     2.5   28.94      1
     2.5   57.74     -1
     3.5   38.34      1
     3.5   76.74     -1
     4.5   47.93      1
     4.5   86.63     -1
     5.5   26.85      1
     5.5   73.30     -1
     6.5   31.32      1
     6.5   46.10     -1
     7.5   7.381      1
     7.5   24.26     -1
     8.5   8.303      1
     8.5   11.85     -1
     9.5   1.668      1
     9.5   5.607     -1
    10.5   1.835      1
    10.5   2.609     -1
    11.5  0.3556      1
    11.5   1.200     -1
    12.5  0.3852      1
    12.5  0.5471     -1
    13.5  0.7304E-01  1
    13.5  0.2473     -1
    14.5  0.7826E-01  1
