     0.0  0.1835      1
     0.0  0.3679     -1
     1.0   1.656      1
     1.0   3.308     -1
     2.0   3.657      1
     2.0   7.319     -1
     3.0   5.079      1
     3.0   10.15     -1
     4.0   6.431      1
     4.0   12.87     -1
     5.0   7.736      1
     5.0   15.45     -1
     6.0   8.904      1
     6.0   17.84     -1
     7.0   10.00      1
     7.0   19.96     -1
     8.0   10.84      1
     8.0   21.74     -1
     9.0   11.58      1
     9.0   23.08     -1
    10.0   11.88      1
    10.0   23.88     -1
    11.0   12.07      1
    11.0   24.02     -1
    12.0   11.66      1
    12.0   23.42     -1
    13.0   11.05      1
    13.0   22.06     -1
    14.0   10.02      1
    14.0   20.01     -1
    15.0   8.689      1
    15.0   17.48     -1
    16.0   7.430      1
    16.0   14.70     -1
    17.0   5.888      1
    17.0   11.96     -1
    18.0   4.817      1
    18.0   9.447     -1
    19.0   3.557      1
    19.0   7.285     -1
    20.0   2.829      1
    20.0   5.512     -1
    21.0   1.997      1
    21.0   4.111     -1
    22.0   1.561      1
    22.0   3.032     -1
    23.0   1.074      1
    23.0   2.217     -1
    24.0  0.8312      1
    24.0   1.611     -1
    25.0  0.5635      1
    25.0   1.165     -1
