     0.0   2.240      1
     0.0   4.488     -1
     1.0   13.41      1
     1.0   26.87     -1
     2.0   22.23      1
     2.0   44.52     -1
     3.0   30.65      1
     3.0   61.56     -1
     4.0   39.26      1
     4.0   74.55     -1
     5.0   35.60      1
     5.0   74.78     -1
     6.0   27.89      1
     6.0   58.50     -1
     7.0   20.18      1
     7.0   36.02     -1
     8.0   8.121      1
     8.0   19.07     -1
     9.0   5.459      1
     9.0   9.446     -1
    10.0   1.915      1
    10.0   4.546     -1
    11.0   1.247      1
    11.0   2.154     -1
    12.0  0.4246      1
    12.0   1.009     -1
    13.0  0.2717      1
    13.0  0.4688     -1
