     0.5   3.923      1
     0.5   7.856     -1
     1.5   11.74      1
     1.5   23.43     -1
     2.5   17.22      1
     2.5   34.61     -1
     3.5   22.66      1
     3.5   44.46     -1
     4.5   24.85      1
     4.5   51.00     -1
     5.5   26.34      1
     5.5   51.70     -1
     6.5   21.73      1
     6.5   45.19     -1
     7.5   18.16      1
     7.5   33.49     -1
     8.5   9.447      1
     8.5   21.48     -1
     9.5   7.133      1
     9.5   12.54     -1
    10.5   2.973      1
    10.5   6.955     -1
    11.5   2.156      1
    11.5   3.757     -1
    12.5  0.8500      1
    12.5   1.998     -1
    13.5  0.6044      1
