     0.5   8.327      1
     0.5   16.61     -1
     1.5   16.24      1
     1.5   32.64     -1
     2.5   24.02      1
     2.5   46.94     -1
     3.5   28.36      1
     3.5   58.96     -1
     4.5   36.93      1
     4.5   66.78     -1
     5.5   24.75      1
     5.5   63.67     -1
     6.5   31.38      1
     6.5   47.55     -1
     7.5   8.824      1
     7.5   28.41     -1
     8.5   10.26      1
     8.5   14.56     -1
     9.5   1.974      1
     9.5   6.837     -1
    10.5   2.190      1
    10.5   3.070     -1
    11.5  0.3885      1
    11.5   1.353     -1
    12.5  0.4216      1
    12.5  0.5926     -1
    13.5  0.7535E-01  1
    13.5  0.2596     -1
    14.5  0.8076E-01  1
