     0.0  0.8427      1
     0.0   1.692     -1
     1.0   7.598      1
     1.0   15.20     -1
     2.0   16.68      1
     2.0   33.45     -1
     3.0   22.96      1
     3.0   45.74     -1
     4.0   28.17      1
     4.0   56.73     -1
     5.0   33.31      1
     5.0   65.56     -1
     6.0   34.62      1
     6.0   70.54     -1
     7.0   35.24      1
     7.0   69.51     -1
     8.0   30.72      1
     8.0   61.59     -1
     9.0   23.40      1
     9.0   48.09     -1
    10.0   17.40      1
    10.0   32.66     -1
    11.0   8.796      1
    11.0   19.53     -1
    12.0   5.954      1
    12.0   10.61     -1
    13.0   2.349      1
    13.0   5.429     -1
    14.0   1.531      1
    14.0   2.686     -1
