     0.5   7.036      1
     0.5   14.15     -1
     1.5   21.05      1
     1.5   42.28     -1
     2.5   30.33      1
     2.5   62.08     -1
     3.5   39.61      1
     3.5   76.00     -1
     4.5   38.80      1
     4.5   77.81     -1
     5.5   33.54      1
     5.5   64.17     -1
     6.5   17.43      1
     6.5   40.95     -1
     7.5   12.61      1
     7.5   21.07     -1
     8.5   3.880      1
     8.5   9.793     -1
     9.5   2.653      1
     9.5   4.388     -1
    10.5  0.7644      1
    10.5   1.934     -1
    11.5  0.5098      1
