     0.0   1.793      1
     0.0   3.586     -1
     1.0   10.73      1
     1.0   21.47     -1
     2.0   17.78      1
     2.0   35.52     -1
     3.0   24.52      1
     3.0   49.08     -1
     4.0   31.21      1
     4.0   60.61     -1
     5.0   30.94      1
     5.0   65.13     -1
     6.0   28.90      1
     6.0   57.68     -1
     7.0   22.08      1
     7.0   41.33     -1
     8.0   11.16      1
     8.0   25.06     -1
     9.0   7.774      1
     9.0   13.82     -1
    10.0   3.166      1
    10.0   7.282     -1
    11.0   2.122      1
    11.0   3.749     -1
    12.0  0.8250      1
    12.0   1.903     -1
    13.0  0.5423      1
    13.0  0.9566     -1
    14.0  0.2065      1
    14.0  0.4770     -1
