     0.0   2.200      1
     0.0   4.408     -1
     1.0   13.17      1
     1.0   26.39     -1
     2.0   21.84      1
     2.0   43.71     -1
     3.0   30.12      1
     3.0   60.46     -1
     4.0   38.56      1
     4.0   73.40     -1
     5.0   35.28      1
     5.0   74.22     -1
     6.0   28.23      1
     6.0   58.85     -1
     7.0   20.52      1
     7.0   36.80     -1
     8.0   8.436      1
     8.0   19.73     -1
     9.0   5.687      1
     9.0   9.864     -1
    10.0   2.020      1
    10.0   4.783     -1
    11.0   1.319      1
    11.0   2.282     -1
    12.0  0.4540      1
    12.0   1.076     -1
    13.0  0.2912      1
    13.0  0.5033     -1
