     0.0   4.336      1
     0.0   8.735     -1
     1.0   25.93      1
     1.0   52.29     -1
     2.0   42.82      1
     2.0   87.50     -1
     3.0   53.85      1
     3.0   117.5     -1
     4.0   64.64      1
     4.0   118.9     -1
     5.0   46.85      1
     5.0   80.78     -1
     6.0   13.58      1
     6.0   36.59     -1
     7.0   8.815      1
     7.0   13.95     -1
     8.0   1.902      1
     8.0   5.143     -1
     9.0   1.180      1
     9.0   1.876     -1
    10.0  0.2514      1
    10.0  0.6774     -1
    11.0  0.1523      1
    11.0  0.2421     -1
