     0.5   8.807      1
     0.5   17.59     -1
     1.5   17.21      1
     1.5   34.58     -1
     2.5   25.47      1
     2.5   49.79     -1
     3.5   30.42      1
     3.5   62.90     -1
     4.5   39.69      1
     4.5   71.39     -1
     5.5   25.37      1
     5.5   66.83     -1
     6.5   32.15      1
     6.5   47.97     -1
     7.5   8.235      1
     7.5   27.34     -1
     8.5   9.551      1
     8.5   13.40     -1
     9.5   1.701      1
     9.5   6.043     -1
    10.5   1.885      1
    10.5   2.618     -1
    11.5  0.3135      1
    11.5   1.116     -1
    12.5  0.3401      1
    12.5  0.4740     -1
    13.5  0.5736E-01  1
    13.5  0.2016     -1
    14.5  0.6147E-01  1
