     0.0   2.069      1
     1.0   6.204     -1
     2.0   10.33      1
     3.0   14.45     -1
     4.0   18.56      1
     5.0   22.65     -1
     6.0   26.71      1
     7.0   30.75     -1
     8.0   34.74      1
     9.0   38.69     -1
    10.0   42.58      1
    11.0   46.36     -1
    12.0   49.97      1
    13.0   53.24     -1
    14.0   55.56      1
    15.0   55.77     -1
    16.0   52.80      1
    17.0   46.73     -1
    18.0   38.85      1
    19.0   30.72     -1
    20.0   23.43      1
    21.0   17.42     -1
    22.0   12.74      1
    23.0   9.200     -1
    24.0   6.592      1
    25.0   4.695     -1
    26.0   3.329      1
    27.0   2.352     -1
    28.0   1.657      1
    29.0   1.165     -1
    30.0  0.8176      1
    31.0  0.5726     -1
    32.0  0.4005      1
    33.0  0.2796     -1
    34.0  0.1950      1
    35.0  0.1359     -1
    36.0  0.9452E-01  1
    37.0  0.6569E-01 -1
    38.0  0.4561E-01  1
