     0.0  0.1777      1
     0.0  0.3563     -1
     1.0   1.603      1
     1.0   3.204     -1
     2.0   3.542      1
     2.0   7.089     -1
     3.0   4.920      1
     3.0   9.832     -1
     4.0   6.233      1
     4.0   12.48     -1
     5.0   7.501      1
     5.0   14.99     -1
     6.0   8.642      1
     6.0   17.31     -1
     7.0   9.714      1
     7.0   19.39     -1
     8.0   10.55      1
     8.0   21.15     -1
     9.0   11.30      1
     9.0   22.51     -1
    10.0   11.63      1
    10.0   23.36     -1
    11.0   11.85      1
    11.0   23.59     -1
    12.0   11.52      1
    12.0   23.13     -1
    13.0   10.99      1
    13.0   21.93     -1
    14.0   10.03      1
    14.0   20.05     -1
    15.0   8.787      1
    15.0   17.65     -1
    16.0   7.561      1
    16.0   14.98     -1
    17.0   6.059      1
    17.0   12.29     -1
    18.0   4.984      1
    18.0   9.786     -1
    19.0   3.717      1
    19.0   7.603     -1
    20.0   2.969      1
    20.0   5.793     -1
    21.0   2.114      1
    21.0   4.347     -1
    22.0   1.659      1
    22.0   3.225     -1
    23.0   1.150      1
    23.0   2.372     -1
    24.0  0.8932      1
    24.0   1.733     -1
    25.0  0.6099      1
    25.0   1.259     -1
