     0.0   4.617      1
     0.0   9.302     -1
     1.0   27.61      1
     1.0   55.69     -1
     2.0   45.57      1
     2.0   93.26     -1
     3.0   56.16      1
     3.0   124.3     -1
     4.0   65.93      1
     4.0   122.5     -1
     5.0   47.28      1
     5.0   79.57     -1
     6.0   12.39      1
     6.0   34.11     -1
     7.0   7.981      1
     7.0   12.51     -1
     8.0   1.628      1
     8.0   4.471     -1
     9.0   1.004      1
     9.0   1.582     -1
    10.0  0.2024      1
    10.0  0.5540     -1
