     0.5   1.714      1
     0.5   3.418     -1
     1.5   3.363      1
     1.5   6.767     -1
     2.5   5.034      1
     2.5   9.972     -1
     3.5   6.382      1
     3.5   12.95     -1
     4.5   7.952      1
     4.5   15.58     -1
     5.5   8.604      1
     5.5   17.74     -1
     6.5   10.06      1
     6.5   19.27     -1
     7.5   9.372      1
     7.5   19.99     -1
     8.5   10.71      1
     8.5   19.76     -1
     9.5   8.262      1
     9.5   18.53     -1
    10.5   9.304      1
    10.5   16.45     -1
    11.5   5.884      1
    11.5   13.86     -1
    12.5   6.496      1
    12.5   11.14     -1
    13.5   3.539      1
    13.5   8.612     -1
    14.5   3.833      1
    14.5   6.460     -1
    15.5   1.912      1
    15.5   4.736     -1
    16.5   2.042      1
    16.5   3.413     -1
    17.5  0.9719      1
    17.5   2.429     -1
    18.5   1.028      1
    18.5   1.712     -1
    19.5  0.4771      1
    19.5   1.197     -1
    20.5  0.5014      1
    20.5  0.8328     -1
    21.5  0.2292      1
    21.5  0.5765     -1
    22.5  0.2397      1
    22.5  0.3976     -1
    23.5  0.1084      1
    23.5  0.2732     -1
    24.5  0.1130      1
    24.5  0.1873     -1
    25.5  0.5076E-01  1
    25.5  0.1280     -1
