     0.5   4.552      1
     0.5   9.122     -1
     1.5   13.62      1
     1.5   27.21     -1
     2.5   19.96      1
     2.5   40.17     -1
     3.5   26.27      1
     3.5   51.24     -1
     4.5   28.06      1
     4.5   57.57     -1
     5.5   28.53      1
     5.5   56.10     -1
     6.5   21.75      1
     6.5   46.01     -1
     7.5   17.44      1
     7.5   31.41     -1
     8.5   7.953      1
     8.5   18.56     -1
     9.5   5.841      1
     9.5   10.11     -1
    10.5   2.221      1
    10.5   5.290     -1
    11.5   1.576      1
    11.5   2.712     -1
    12.5  0.5748      1
    12.5   1.373     -1
    13.5  0.4005      1
