     0.0   3.148      1
     0.0   6.331     -1
     1.0   18.84      1
     1.0   37.90     -1
     2.0   31.20      1
     2.0   63.05     -1
     3.0   42.21      1
     3.0   86.78     -1
     4.0   53.93      1
     4.0   98.56     -1
     5.0   42.62      1
     5.0   83.73     -1
     6.0   21.49      1
     6.0   50.95     -1
     7.0   14.59      1
     7.0   24.33     -1
     8.0   4.210      1
     8.0   10.60     -1
     9.0   2.705      1
     9.0   4.488     -1
    10.0  0.7451      1
    10.0   1.874     -1
    11.0  0.4664      1
    11.0  0.7741     -1
    12.0  0.1258      1
