     0.5   9.560      1
     0.5   19.13     -1
     1.5   19.00      1
     1.5   38.14     -1
     2.5   28.50      1
     2.5   56.84     -1
     3.5   37.74      1
     3.5   75.52     -1
     4.5   47.17      1
     4.5   85.63     -1
     5.5   27.05      1
     5.5   73.20     -1
     6.5   31.56      1
     6.5   46.61     -1
     7.5   7.582      1
     7.5   24.78     -1
     8.5   8.530      1
     8.5   12.20     -1
     9.5   1.736      1
     9.5   5.809     -1
    10.5   1.909      1
    10.5   2.720     -1
    11.5  0.3745      1
    11.5   1.259     -1
    12.5  0.4057      1
    12.5  0.5771     -1
    13.5  0.7782E-01  1
    13.5  0.2624     -1
    14.5  0.8338E-01  1
