     0.0   1.819      1
     0.0   3.639     -1
     1.0   10.89      1
     1.0   21.79     -1
     2.0   18.05      1
     2.0   36.05     -1
     3.0   24.88      1
     3.0   49.82     -1
     4.0   31.69      1
     4.0   61.46     -1
     5.0   31.25      1
     5.0   65.81     -1
     6.0   28.92      1
     6.0   57.86     -1
     7.0   22.01      1
     7.0   41.08     -1
     8.0   10.96      1
     8.0   24.68     -1
     9.0   7.616      1
     9.0   13.51     -1
    10.0   3.072      1
    10.0   7.078     -1
    11.0   2.055      1
    11.0   3.625     -1
    12.0  0.7921      1
    12.0   1.831     -1
    13.0  0.5197      1
    13.0  0.9156     -1
    14.0  0.1963      1
