     0.0   2.596      1
     0.0   5.210     -1
     1.0   15.54      1
     1.0   31.19     -1
     2.0   25.76      1
     2.0   51.74     -1
     3.0   35.40      1
     3.0   71.53     -1
     4.0   45.46      1
     4.0   84.83     -1
     5.0   38.78      1
     5.0   80.11     -1
     6.0   25.89      1
     6.0   56.89     -1
     7.0   18.19      1
     7.0   31.50     -1
     8.0   6.332      1
     8.0   15.31     -1
     9.0   4.169      1
     9.0   7.087     -1
    10.0   1.321      1
    10.0   3.211     -1
    11.0  0.8454      1
    11.0   1.436     -1
    12.0  0.2614      1
    12.0  0.6359     -1
    13.0  0.1645      1
    13.0  0.2792     -1
