     0.5   3.463      1
     0.5   6.897     -1
     1.5   6.730      1
     1.5   13.58     -1
     2.5   10.03      1
     2.5   19.77     -1
     3.5   12.20      1
     3.5   25.09     -1
     4.5   15.25      1
     4.5   29.05     -1
     5.5   14.27      1
     5.5   31.14     -1
     6.5   17.32      1
     6.5   30.81     -1
     7.5   11.67      1
     7.5   27.91     -1
     8.5   13.83      1
     8.5   23.08     -1
     9.5   6.810      1
     9.5   17.55     -1
    10.5   7.729      1
    10.5   12.45     -1
    11.5   3.124      1
    11.5   8.378     -1
    12.5   3.429      1
    12.5   5.435     -1
    13.5   1.261      1
    13.5   3.438     -1
    14.5   1.357      1
    14.5   2.138     -1
    15.5  0.4791      1
    15.5   1.315     -1
    16.5  0.5098      1
    16.5  0.8016     -1
    17.5  0.1766      1
    17.5  0.4858     -1
    18.5  0.1865      1
    18.5  0.2930     -1
    19.5  0.6395E-01  1
    19.5  0.1761     -1
    20.5  0.6716E-01  1
