     0.0   5.366      1
     1.0   16.09     -1
     2.0   26.82      1
     3.0   37.52     -1
     4.0   48.22      1
     5.0   58.90     -1
     6.0   69.55      1
     7.0   80.30     -1
     8.0   90.75      1
     9.0   101.9     -1
    10.0   112.6      1
    11.0   106.3     -1
    12.0   78.85      1
    13.0   50.17     -1
    14.0   29.97      1
    15.0   17.49     -1
    16.0   10.12      1
    17.0   5.824     -1
    18.0   3.341      1
    19.0   1.911     -1
    20.0   1.090      1
    21.0  0.6199     -1
    22.0  0.3517      1
    23.0  0.1990     -1
    24.0  0.1124      1
    25.0  0.6334E-01 -1
    26.0  0.3563E-01  1
    27.0  0.2000E-01 -1
