     0.5   1.745      1
     0.5   3.479     -1
     1.5   3.422      1
     1.5   6.886     -1
     2.5   5.123      1
     2.5   10.15     -1
     3.5   6.489      1
     3.5   13.17     -1
     4.5   8.085      1
     4.5   15.84     -1
     5.5   8.728      1
     5.5   18.01     -1
     6.5   10.21      1
     6.5   19.53     -1
     7.5   9.462      1
     7.5   20.22     -1
     8.5   10.82      1
     8.5   19.92     -1
     9.5   8.272      1
     9.5   18.61     -1
    10.5   9.322      1
    10.5   16.45     -1
    11.5   5.836      1
    11.5   13.78     -1
    12.5   6.443      1
    12.5   11.03     -1
    13.5   3.479      1
    13.5   8.487     -1
    14.5   3.767      1
    14.5   6.340     -1
    15.5   1.865      1
    15.5   4.629     -1
    16.5   1.992      1
    16.5   3.324     -1
    17.5  0.9414      1
    17.5   2.357     -1
    18.5  0.9959      1
    18.5   1.656     -1
    19.5  0.4591      1
    19.5   1.154     -1
    20.5  0.4825      1
    20.5  0.8004     -1
    21.5  0.2192      1
    21.5  0.5524     -1
    22.5  0.2292      1
    22.5  0.3798     -1
    23.5  0.1031      1
    23.5  0.2602     -1
    24.5  0.1074      1
    24.5  0.1778     -1
    25.5  0.4796E-01  1
    25.5  0.1212     -1
