     0.0   2.226      1
     1.0   6.675     -1
     2.0   11.12      1
     3.0   15.55     -1
     4.0   19.97      1
     5.0   24.37     -1
     6.0   28.75      1
     7.0   33.09     -1
     8.0   37.40      1
     9.0   41.66     -1
    10.0   45.84      1
    11.0   49.91     -1
    12.0   53.78      1
    13.0   57.17     -1
    14.0   59.08      1
    15.0   57.97     -1
    16.0   53.00      1
    17.0   45.05     -1
    18.0   36.02      1
    19.0   27.53     -1
    20.0   20.40      1
    21.0   14.80     -1
    22.0   10.59      1
    23.0   7.510     -1
    24.0   5.289      1
    25.0   3.707     -1
    26.0   2.588      1
    27.0   1.802     -1
    28.0   1.251      1
    29.0  0.8671     -1
    30.0  0.5998      1
    31.0  0.4142     -1
    32.0  0.2856      1
    33.0  0.1967     -1
    34.0  0.1353      1
    35.0  0.9291E-01 -1
    36.0  0.6375E-01  1
    37.0  0.4369E-01 -1
