     0.5   15.54      1
     0.5   31.29     -1
     1.5   30.77      1
     1.5   62.27     -1
     2.5   46.15      1
     2.5   94.29     -1
     3.5   57.72      1
     3.5   121.9     -1
     4.5   72.15      1
     4.5   109.1     -1
     5.5   16.48      1
     5.5   60.78     -1
     6.5   19.23      1
     6.5   25.93     -1
     7.5   2.652      1
     7.5   10.31     -1
     8.5   2.983      1
     8.5   4.017     -1
     9.5  0.3976      1
     9.5   1.546     -1
    10.5  0.4373      1
    10.5  0.5884     -1
    11.5  0.5684E-01  1
    11.5  0.2217     -1
    12.5  0.6157E-01  1
