     0.5   6.544      1
     0.5   13.15     -1
     1.5   19.58      1
     1.5   39.28     -1
     2.5   28.36      1
     2.5   57.77     -1
     3.5   37.16      1
     3.5   71.40     -1
     4.5   36.94      1
     4.5   74.51     -1
     5.5   32.86      1
     5.5   63.55     -1
     6.5   18.54      1
     6.5   42.58     -1
     7.5   13.61      1
     7.5   23.03     -1
     8.5   4.467      1
     8.5   11.13     -1
     9.5   3.089      1
     9.5   5.147     -1
    10.5  0.9337      1
    10.5   2.336     -1
    11.5  0.6289      1
