     0.0   2.359      1
     1.0   7.076     -1
     2.0   11.79      1
     3.0   16.49     -1
     4.0   21.17      1
     5.0   25.84     -1
     6.0   30.48      1
     7.0   35.09     -1
     8.0   39.65      1
     9.0   44.17     -1
    10.0   48.62      1
    11.0   52.93     -1
    12.0   57.03      1
    13.0   60.43     -1
    14.0   61.74      1
    15.0   59.16     -1
    16.0   52.38      1
    17.0   43.04     -1
    18.0   33.38      1
    19.0   24.86     -1
    20.0   18.03      1
    21.0   12.85     -1
    22.0   9.048      1
    23.0   6.322     -1
    24.0   4.393      1
    25.0   3.040     -1
    26.0   2.097      1
    27.0   1.442     -1
    28.0  0.9897      1
    29.0  0.6779     -1
    30.0  0.4635      1
    31.0  0.3164     -1
    32.0  0.2157      1
    33.0  0.1468     -1
    34.0  0.9982E-01  1
    35.0  0.6778E-01 -1
    36.0  0.4598E-01  1
