     0.5   17.13      1
     0.5   34.53     -1
     1.5   33.85      1
     1.5   68.65     -1
     2.5   50.78      1
     2.5   104.5     -1
     3.5   60.58      1
     3.5   132.2     -1
     4.5   75.73      1
     4.5   109.9     -1
     5.5   14.08      1
     5.5   55.10     -1
     6.5   16.43      1
     6.5   21.85     -1
     7.5   2.047      1
     7.5   8.244     -1
     8.5   2.303      1
     8.5   3.065     -1
     9.5  0.2799      1
     9.5   1.127     -1
    10.5  0.3079      1
    10.5  0.4096     -1
    11.5  0.3649E-01  1
    11.5  0.1473     -1
    12.5  0.3953E-01  1
