     0.0   2.738      1
     1.0   8.213     -1
     2.0   13.68      1
     3.0   19.14     -1
     4.0   24.58      1
     5.0   30.00     -1
     6.0   35.39      1
     7.0   40.75     -1
     8.0   46.08      1
     9.0   51.35     -1
    10.0   56.52      1
    11.0   61.56     -1
    12.0   66.22      1
    13.0   68.93     -1
    14.0   66.88      1
    15.0   59.00     -1
    16.0   47.55      1
    17.0   35.83     -1
    18.0   25.83      1
    19.0   18.13     -1
    20.0   12.51      1
    21.0   8.535     -1
    22.0   5.784      1
    23.0   3.899     -1
    24.0   2.619      1
    25.0   1.753     -1
    26.0   1.171      1
    27.0  0.7803     -1
    28.0  0.5189      1
    29.0  0.3445     -1
    30.0  0.2283      1
    31.0  0.1511     -1
    32.0  0.9987E-01  1
    33.0  0.6591E-01 -1
    34.0  0.4345E-01  1
