     0.5   13.35      1
     0.5   26.82     -1
     1.5   26.48      1
     1.5   53.43     -1
     2.5   39.72      1
     2.5   80.32     -1
     3.5   51.81      1
     3.5   105.9     -1
     4.5   64.76      1
     4.5   104.5     -1
     5.5   20.34      1
     5.5   67.98     -1
     6.5   23.73      1
     6.5   32.77     -1
     7.5   3.850      1
     7.5   14.18     -1
     8.5   4.332      1
     8.5   5.940     -1
     9.5  0.6628      1
     9.5   2.450     -1
    10.5  0.7290      1
    10.5  0.9989     -1
    11.5  0.1087      1
    11.5  0.4031     -1
    12.5  0.1178      1
    12.5  0.1612     -1
    13.5  0.1719E-01  1
    13.5  0.6393E-01 -1
