     0.0   1.873      1
     0.0   3.748     -1
     1.0   11.21      1
     1.0   22.44     -1
     2.0   18.59      1
     2.0   37.14     -1
     3.0   25.63      1
     3.0   51.33     -1
     4.0   32.67      1
     4.0   63.21     -1
     5.0   31.90      1
     5.0   67.23     -1
     6.0   29.03      1
     6.0   58.35     -1
     7.0   21.94      1
     7.0   40.73     -1
     8.0   10.64      1
     8.0   24.08     -1
     9.0   7.356      1
     9.0   13.01     -1
    10.0   2.912      1
    10.0   6.737     -1
    11.0   1.941      1
    11.0   3.414     -1
    12.0  0.7357      1
    12.0   1.707     -1
    13.0  0.4809      1
    13.0  0.8449     -1
    14.0  0.1787      1
