     0.5   3.108      1
     0.5   6.191     -1
     1.5   6.049      1
     1.5   12.20     -1
     2.5   9.026      1
     2.5   17.80     -1
     3.5   11.07      1
     3.5   22.69     -1
     4.5   13.80      1
     4.5   26.47     -1
     5.5   13.32      1
     5.5   28.70     -1
     6.5   16.03      1
     6.5   28.94     -1
     7.5   11.52      1
     7.5   26.95     -1
     8.5   13.60      1
     8.5   23.08     -1
     9.5   7.258      1
     9.5   18.25     -1
    10.5   8.249      1
    10.5   13.48     -1
    11.5   3.600      1
    11.5   9.439     -1
    12.5   3.959      1
    12.5   6.355     -1
    13.5   1.557      1
    13.5   4.162     -1
    14.5   1.678      1
    14.5   2.674     -1
    15.5  0.6294      1
    15.5   1.695     -1
    16.5  0.6701      1
    16.5   1.065     -1
    17.5  0.2457      1
    17.5  0.6639     -1
    18.5  0.2595      1
    18.5  0.4118     -1
    19.5  0.9395E-01  1
    19.5  0.2543     -1
    20.5  0.9867E-01  1
