     0.5   4.984      1
     0.5   9.994     -1
     1.5   14.92      1
     1.5   29.81     -1
     2.5   21.82      1
     2.5   44.00     -1
     3.5   28.72      1
     3.5   55.80     -1
     4.5   30.15      1
     4.5   61.75     -1
     5.5   29.76      1
     5.5   58.50     -1
     6.5   21.38      1
     6.5   45.91     -1
     7.5   16.74      1
     7.5   29.68     -1
     8.5   7.028      1
     8.5   16.67     -1
     9.5   5.080      1
     9.5   8.708     -1
    10.5   1.826      1
    10.5   4.399     -1
    11.5   1.278      1
    11.5   2.184     -1
    12.5  0.4439      1
    12.5   1.071     -1
