     0.0   2.817      1
     0.0   5.658     -1
     1.0   16.86      1
     1.0   33.87     -1
     2.0   27.94      1
     2.0   56.25     -1
     3.0   38.22      1
     3.0   77.67     -1
     4.0   49.06      1
     4.0   90.70     -1
     5.0   40.49      1
     5.0   82.25     -1
     6.0   24.28      1
     6.0   54.97     -1
     7.0   16.80      1
     7.0   28.62     -1
     8.0   5.401      1
     8.0   13.28     -1
     9.0   3.518      1
     9.0   5.921     -1
    10.0   1.052      1
    10.0   2.593     -1
    11.0  0.6668      1
    11.0   1.122     -1
    12.0  0.1949      1
