     0.0   1.583      1
     1.0   4.748     -1
     2.0   7.908      1
     3.0   11.06     -1
     4.0   14.20      1
     5.0   17.32     -1
     6.0   20.43      1
     7.0   23.51     -1
     8.0   26.56      1
     9.0   29.58     -1
    10.0   32.54      1
    11.0   35.44     -1
    12.0   38.23      1
    13.0   40.88     -1
    14.0   43.26      1
    15.0   45.13     -1
    16.0   46.01      1
    17.0   45.30     -1
    18.0   42.66      1
    19.0   38.26     -1
    20.0   32.77      1
    21.0   27.00     -1
    22.0   21.58      1
    23.0   16.85     -1
    24.0   12.93      1
    25.0   9.806     -1
    26.0   7.367      1
    27.0   5.498     -1
    28.0   4.081      1
    29.0   3.018     -1
    30.0   2.225      1
    31.0   1.636     -1
    32.0   1.200      1
    33.0  0.8790     -1
    34.0  0.6427      1
    35.0  0.4693     -1
    36.0  0.3422      1
    37.0  0.2493     -1
    38.0  0.1814      1
    39.0  0.1318     -1
    40.0  0.9575E-01  1
    41.0  0.6947E-01 -1
    42.0  0.5036E-01  1
