     0.0   5.117      1
     0.0   10.30     -1
     1.0   30.61      1
     1.0   61.71     -1
     2.0   50.46      1
     2.0   103.4     -1
     3.0   59.50      1
     3.0   135.7     -1
     4.0   66.15      1
     4.0   126.7     -1
     5.0   46.68      1
     5.0   75.28     -1
     6.0   10.21      1
     6.0   29.20     -1
     7.0   6.508      1
     7.0   10.04     -1
     8.0   1.208      1
     8.0   3.405     -1
     9.0  0.7377      1
     9.0   1.145     -1
    10.0  0.1355      1
