     0.0   1.123      1
     0.0   2.253     -1
     1.0   10.10      1
     1.0   20.25     -1
     2.0   22.18      1
     2.0   44.59     -1
     3.0   30.56      1
     3.0   61.35     -1
     4.0   37.98      1
     4.0   76.98     -1
     5.0   45.87      1
     5.0   89.40     -1
     6.0   46.08      1
     6.0   93.96     -1
     7.0   44.43      1
     7.0   87.20     -1
     8.0   35.31      1
     8.0   69.57     -1
     9.0   21.15      1
     9.0   46.02     -1
    10.0   14.38      1
    10.0   25.29     -1
    11.0   5.029      1
    11.0   12.13     -1
    12.0   3.190      1
    12.0   5.374     -1
    13.0  0.9230      1
    13.0   2.289     -1
