     0.0  0.2938      1
     0.0  0.5896     -1
     1.0   2.652      1
     1.0   5.299     -1
     2.0   5.845      1
     2.0   11.70     -1
     3.0   8.090      1
     3.0   16.16     -1
     4.0   10.17      1
     4.0   20.37     -1
     5.0   12.13      1
     5.0   24.19     -1
     6.0   13.68      1
     6.0   27.48     -1
     7.0   15.11      1
     7.0   30.03     -1
     8.0   15.69      1
     8.0   31.61     -1
     9.0   16.10      1
     9.0   31.97     -1
    10.0   15.40      1
    10.0   30.95     -1
    11.0   14.29      1
    11.0   28.56     -1
    12.0   12.60      1
    12.0   25.05     -1
    13.0   10.29      1
    13.0   20.86     -1
    14.0   8.458      1
    14.0   16.56     -1
    15.0   6.114      1
    15.0   12.59     -1
    16.0   4.780      1
    16.0   9.242     -1
    17.0   3.171      1
    17.0   6.598     -1
    18.0   2.404      1
    18.0   4.613     -1
    19.0   1.517      1
    19.0   3.176     -1
    20.0   1.131      1
    20.0   2.162     -1
    21.0  0.6953      1
    21.0   1.460     -1
    22.0  0.5131      1
    22.0  0.9793     -1
