     0.0   9.996      1
     1.0   30.01     -1
     2.0   49.97      1
     3.0   70.01     -1
     4.0   89.96      1
     5.0   109.9     -1
     6.0   130.5      1
     7.0   148.1     -1
     8.0   169.6      1
     9.0   141.8     -1
    10.0   73.21      1
    11.0   33.69     -1
    12.0   15.54      1
    13.0   7.241     -1
    14.0   3.386      1
    15.0   1.583     -1
    16.0  0.7384      1
    17.0  0.3435     -1
    18.0  0.1593      1
    19.0  0.7366E-01 -1
    20.0  0.3396E-01  1
    21.0  0.1561E-01 -1
