     0.5   5.728      1
     0.5   11.50     -1
     1.5   17.14      1
     1.5   34.32     -1
     2.5   24.99      1
     2.5   50.58     -1
     3.5   32.85      1
     3.5   63.42     -1
     4.5   33.54      1
     4.5   68.29     -1
     5.5   31.46      1
     5.5   61.55     -1
     6.5   20.23      1
     6.5   44.78     -1
     7.5   15.30      1
     7.5   26.49     -1
     8.5   5.660      1
     8.5   13.76     -1
     9.5   3.997      1
     9.5   6.754     -1
    10.5   1.317      1
    10.5   3.232     -1
    11.5  0.9037      1
    11.5   1.524     -1
    12.5  0.2896      1
    12.5  0.7118     -1
