     0.0  0.2345      1
     0.0  0.4704     -1
     1.0   2.116      1
     1.0   4.228     -1
     2.0   4.669      1
     2.0   9.346     -1
     3.0   6.473      1
     3.0   12.93     -1
     4.0   8.168      1
     4.0   16.36     -1
     5.0   9.787      1
     5.0   19.54     -1
     6.0   11.17      1
     6.0   22.39     -1
     7.0   12.44      1
     7.0   24.79     -1
     8.0   13.23      1
     8.0   26.60     -1
     9.0   13.91      1
     9.0   27.65     -1
    10.0   13.81      1
    10.0   27.78     -1
    11.0   13.50      1
    11.0   26.88     -1
    12.0   12.47      1
    12.0   24.96     -1
    13.0   11.05      1
    13.0   22.18     -1
    14.0   9.523      1
    14.0   18.86     -1
    15.0   7.565      1
    15.0   15.38     -1
    16.0   6.172      1
    16.0   12.08     -1
    17.0   4.473      1
    17.0   9.194     -1
    18.0   3.517      1
    18.0   6.824     -1
    19.0   2.400      1
    19.0   4.967     -1
    20.0   1.845      1
    20.0   3.562     -1
    21.0   1.216      1
    21.0   2.527     -1
    22.0  0.9230      1
    22.0   1.778     -1
    23.0  0.5969      1
    23.0   1.243     -1
