     0.5   4.013      1
     0.5   7.994     -1
     1.5   7.790      1
     1.5   15.72     -1
     2.5   11.60      1
     2.5   22.82     -1
     3.5   13.93      1
     3.5   28.78     -1
     4.5   17.49      1
     4.5   32.98     -1
     5.5   15.61      1
     5.5   34.75     -1
     6.5   19.19      1
     6.5   33.43     -1
     7.5   11.75      1
     7.5   29.05     -1
     8.5   13.96      1
     8.5   22.77     -1
     9.5   6.107      1
     9.5   16.32     -1
    10.5   6.909      1
    10.5   10.90     -1
    11.5   2.496      1
    11.5   6.922     -1
    12.5   2.732      1
    12.5   4.253     -1
    13.5  0.9099      1
    13.5   2.557     -1
    14.5  0.9781      1
    14.5   1.516     -1
    15.5  0.3159      1
    15.5  0.8910     -1
    16.5  0.3360      1
    16.5  0.5203     -1
    17.5  0.1071      1
    17.5  0.3023     -1
    18.5  0.1131      1
    18.5  0.1750     -1
    19.5  0.3576E-01  1
    19.5  0.1010     -1
