     0.0  0.4557      1
     0.0  0.9148     -1
     1.0   4.114      1
     1.0   8.218     -1
     2.0   9.047      1
     2.0   18.12     -1
     3.0   12.47      1
     3.0   24.90     -1
     4.0   15.49      1
     4.0   31.10     -1
     5.0   18.32      1
     5.0   36.40     -1
     6.0   20.00      1
     6.0   40.38     -1
     7.0   21.51      1
     7.0   42.54     -1
     8.0   21.00      1
     8.0   42.40     -1
     9.0   19.92      1
     9.0   39.71     -1
    10.0   17.48      1
    10.0   34.72     -1
    11.0   13.84      1
    11.0   28.24     -1
    12.0   11.05      1
    12.0   21.39     -1
    13.0   7.258      1
    13.0   15.21     -1
    14.0   5.417      1
    14.0   10.27     -1
    15.0   3.127      1
    15.0   6.669     -1
    16.0   2.249      1
    16.0   4.216     -1
    17.0   1.217      1
    17.0   2.617     -1
    18.0  0.8600      1
    18.0   1.606     -1
