     0.0   1.053      1
     0.0   2.113     -1
     1.0   9.473      1
     1.0   18.99     -1
     2.0   20.80      1
     2.0   41.81     -1
     3.0   28.65      1
     3.0   57.39     -1
     4.0   35.50      1
     4.0   71.75     -1
     5.0   42.65      1
     5.0   83.28     -1
     6.0   43.25      1
     6.0   88.21     -1
     7.0   42.34      1
     7.0   83.25     -1
     8.0   34.44      1
     8.0   68.31     -1
     9.0   22.08      1
     9.0   47.21     -1
    10.0   15.30      1
    10.0   27.35     -1
    11.0   5.848      1
    11.0   13.82     -1
    12.0   3.758      1
    12.0   6.412     -1
    13.0   1.167      1
    13.0   2.845     -1
