     0.0  0.2437      1
     0.0  0.4889     -1
     1.0   2.199      1
     1.0   4.394     -1
     2.0   4.852      1
     2.0   9.712     -1
     3.0   6.725      1
     3.0   13.44     -1
     4.0   8.480      1
     4.0   16.98     -1
     5.0   10.15      1
     5.0   20.27     -1
     6.0   11.57      1
     6.0   23.20     -1
     7.0   12.87      1
     7.0   25.63     -1
     8.0   13.64      1
     8.0   27.42     -1
     9.0   14.28      1
     9.0   28.39     -1
    10.0   14.10      1
    10.0   28.36     -1
    11.0   13.68      1
    11.0   27.24     -1
    12.0   12.53      1
    12.0   25.07     -1
    13.0   10.97      1
    13.0   22.05     -1
    14.0   9.380      1
    14.0   18.54     -1
    15.0   7.339      1
    15.0   14.95     -1
    16.0   5.944      1
    16.0   11.61     -1
    17.0   4.245      1
    17.0   8.742     -1
    18.0   3.317      1
    18.0   6.424     -1
    19.0   2.234      1
    19.0   4.633     -1
    20.0   1.709      1
    20.0   3.294     -1
    21.0   1.114      1
    21.0   2.318     -1
    22.0  0.8412      1
    22.0   1.618     -1
    23.0  0.5383      1
    23.0   1.122     -1
