     0.0   2.597      1
     0.0   5.213     -1
     1.0   15.55      1
     1.0   31.21     -1
     2.0   25.77      1
     2.0   51.77     -1
     3.0   35.40      1
     3.0   71.57     -1
     4.0   45.46      1
     4.0   84.80     -1
     5.0   38.71      1
     5.0   79.88     -1
     6.0   25.68      1
     6.0   56.53     -1
     7.0   18.03      1
     7.0   31.19     -1
     8.0   6.254      1
     8.0   15.14     -1
     9.0   4.117      1
     9.0   6.997     -1
    10.0   1.304      1
    10.0   3.169     -1
    11.0  0.8341      1
    11.0   1.417     -1
    12.0  0.2579      1
    12.0  0.6273     -1
    13.0  0.1623      1
    13.0  0.2754     -1
