     0.0   1.883      1
     0.0   3.790     -1
     1.0   16.89      1
     1.0   34.11     -1
     2.0   36.28      1
     2.0   74.54     -1
     3.0   49.72      1
     3.0   96.13     -1
     4.0   52.37      1
     4.0   103.2     -1
     5.0   50.35      1
     5.0   94.73     -1
     6.0   36.60      1
     6.0   69.84     -1
     7.0   14.40      1
     7.0   37.13     -1
     8.0   9.412      1
     8.0   15.09     -1
     9.0   2.221      1
     9.0   5.830     -1
    10.0   1.388      1
    10.0   2.253     -1
