     0.0   7.193      1
     1.0   21.57     -1
     2.0   35.96      1
     3.0   50.31     -1
     4.0   64.71      1
     5.0   78.97     -1
     6.0   93.51      1
     7.0   107.7     -1
     8.0   121.9      1
     9.0   138.1     -1
    10.0   124.6      1
    11.0   79.62     -1
    12.0   43.70      1
    13.0   23.15     -1
    14.0   12.19      1
    15.0   6.409     -1
    16.0   3.366      1
    17.0   1.764     -1
    18.0  0.9217      1
    19.0  0.4803     -1
    20.0  0.2496      1
    21.0  0.1293     -1
    22.0  0.6687E-01  1
    23.0  0.3449E-01 -1
    24.0  0.1775E-01  1
