     0.0  0.3945      1
     0.0  0.7919     -1
     1.0   3.562      1
     1.0   7.115     -1
     2.0   7.838      1
     2.0   15.69     -1
     3.0   10.82      1
     3.0   21.61     -1
     4.0   13.50      1
     4.0   27.07     -1
     5.0   16.01      1
     5.0   31.86     -1
     6.0   17.69      1
     6.0   35.65     -1
     7.0   19.21      1
     7.0   38.06     -1
     8.0   19.17      1
     8.0   38.71     -1
     9.0   18.76      1
     9.0   37.31     -1
    10.0   16.96      1
    10.0   33.88     -1
    11.0   14.28      1
    11.0   28.87     -1
    12.0   11.80      1
    12.0   23.08     -1
    13.0   8.402      1
    13.0   17.38     -1
    14.0   6.479      1
    14.0   12.43     -1
    15.0   4.057      1
    15.0   8.537     -1
    16.0   2.999      1
    16.0   5.687     -1
    17.0   1.746      1
    17.0   3.707     -1
    18.0   1.262      1
    18.0   2.381     -1
    19.0  0.7100      1
    19.0   1.514     -1
