     0.5   1.573      1
     0.5   3.137     -1
     1.5   3.090      1
     1.5   6.215     -1
     2.5   4.627      1
     2.5   9.170     -1
     3.5   5.886      1
     3.5   11.93     -1
     4.5   7.337      1
     4.5   14.40     -1
     5.5   8.016      1
     5.5   16.48     -1
     6.5   9.357      1
     6.5   18.02     -1
     7.5   8.931      1
     7.5   18.89     -1
     8.5   10.17      1
     8.5   18.93     -1
     9.5   8.174      1
     9.5   18.09     -1
    10.5   9.177      1
    10.5   16.41     -1
    11.5   6.093      1
    11.5   14.15     -1
    12.5   6.721      1
    12.5   11.64     -1
    13.5   3.825      1
    13.5   9.196     -1
    14.5   4.144      1
    14.5   7.039     -1
    15.5   2.145      1
    15.5   5.258     -1
    16.5   2.292      1
    16.5   3.856     -1
    17.5   1.127      1
    17.5   2.789     -1
    18.5   1.192      1
    18.5   1.997     -1
    19.5  0.5702      1
    19.5   1.418     -1
    20.5  0.5994      1
    20.5   1.001     -1
    21.5  0.2820      1
    21.5  0.7034     -1
    22.5  0.2950      1
    22.5  0.4921     -1
    23.5  0.1373      1
    23.5  0.3431     -1
    24.5  0.1431      1
    24.5  0.2385     -1
    25.5  0.6613E-01  1
    25.5  0.1654     -1
