     0.5   4.142      1
     0.5   8.249     -1
     1.5   8.037      1
     1.5   16.22     -1
     2.5   11.96      1
     2.5   23.53     -1
     3.5   14.33      1
     3.5   29.63     -1
     4.5   18.01      1
     4.5   33.89     -1
     5.5   15.91      1
     5.5   35.57     -1
     6.5   19.61      1
     6.5   34.01     -1
     7.5   11.75      1
     7.5   29.26     -1
     8.5   13.96      1
     8.5   22.66     -1
     9.5   5.946      1
     9.5   16.02     -1
    10.5   6.721      1
    10.5   10.55     -1
    11.5   2.367      1
    11.5   6.615     -1
    12.5   2.590      1
    12.5   4.015     -1
    13.5  0.8436      1
    13.5   2.387     -1
    14.5  0.9066      1
    14.5   1.400     -1
    15.5  0.2870      1
    15.5  0.8146     -1
    16.5  0.3052      1
    16.5  0.4711     -1
    17.5  0.9546E-01  1
    17.5  0.2712     -1
    18.5  0.1008      1
    18.5  0.1555     -1
