     0.5   8.260      1
     0.5   16.61     -1
     1.5   24.71      1
     1.5   49.72     -1
     2.5   35.00      1
     2.5   72.58     -1
     3.5   45.12      1
     3.5   86.66     -1
     4.5   42.73      1
     4.5   84.61     -1
     5.5   34.76      1
     5.5   64.22     -1
     6.5   14.68      1
     6.5   36.43     -1
     7.5   10.30      1
     7.5   16.80     -1
     8.5   2.763      1
     8.5   7.185     -1
     9.5   1.846      1
     9.5   3.001     -1
    10.5  0.4761      1
    10.5   1.237     -1
