     0.0   1.766      1
     0.0   3.533     -1
     1.0   10.57      1
     1.0   21.15     -1
     2.0   17.52      1
     2.0   34.99     -1
     3.0   24.15      1
     3.0   48.34     -1
     4.0   30.73      1
     4.0   59.76     -1
     5.0   30.67      1
     5.0   64.51     -1
     6.0   28.96      1
     6.0   57.63     -1
     7.0   22.22      1
     7.0   41.77     -1
     8.0   11.44      1
     8.0   25.60     -1
     9.0   7.993      1
     9.0   14.24     -1
    10.0   3.292      1
    10.0   7.554     -1
    11.0   2.211      1
    11.0   3.911     -1
    12.0  0.8669      1
    12.0   1.996     -1
    13.0  0.5708      1
    13.0   1.008     -1
    14.0  0.2191      1
    14.0  0.5052     -1
    15.0  0.1425      1
    15.0  0.2514     -1
