     0.5   13.08      1
     0.5   26.28     -1
     1.5   25.96      1
     1.5   52.36     -1
     2.5   38.94      1
     2.5   78.64     -1
     3.5   50.95      1
     3.5   103.9     -1
     4.5   63.69      1
     4.5   103.6     -1
     5.5   20.84      1
     5.5   68.73     -1
     6.5   24.31      1
     6.5   33.69     -1
     7.5   4.033      1
     7.5   14.75     -1
     8.5   4.538      1
     8.5   6.238     -1
     9.5  0.7068      1
     9.5   2.596     -1
    10.5  0.7774      1
    10.5   1.068     -1
    11.5  0.1180      1
    11.5  0.4347     -1
    12.5  0.1278      1
    12.5  0.1754     -1
    13.5  0.1899E-01  1
    13.5  0.7017E-01 -1
