     0.0   6.808      1
     1.0   20.42     -1
     2.0   34.03      1
     3.0   47.62     -1
     4.0   61.24      1
     5.0   74.75     -1
     6.0   88.45      1
     7.0   102.0     -1
     8.0   115.3      1
     9.0   131.1     -1
    10.0   126.6      1
    11.0   87.57     -1
    12.0   50.26      1
    13.0   27.33     -1
    14.0   14.69      1
    15.0   7.870     -1
    16.0   4.209      1
    17.0   2.246     -1
    18.0   1.196      1
    19.0  0.6346     -1
    20.0  0.3359      1
    21.0  0.1773     -1
    22.0  0.9335E-01  1
    23.0  0.4904E-01 -1
    24.0  0.2570E-01  1
