     0.0   3.006      1
     0.0   6.043     -1
     1.0   17.99      1
     1.0   36.17     -1
     2.0   29.81      1
     2.0   60.13     -1
     3.0   40.56      1
     3.0   82.91     -1
     4.0   51.97      1
     4.0   95.41     -1
     5.0   41.83      1
     5.0   83.52     -1
     6.0   22.83      1
     6.0   53.01     -1
     7.0   15.62      1
     7.0   26.28     -1
     8.0   4.718      1
     8.0   11.76     -1
     9.0   3.049      1
     9.0   5.089     -1
    10.0  0.8693      1
    10.0   2.168     -1
    11.0  0.5469      1
    11.0  0.9129     -1
    12.0  0.1526      1
