     0.5   2.617      1
     0.5   5.214     -1
     1.5   5.104      1
     1.5   10.29     -1
     2.5   7.626      1
     2.5   15.06     -1
     3.5   9.461      1
     3.5   19.32     -1
     4.5   11.78      1
     4.5   22.78     -1
     5.5   11.87      1
     5.5   25.13     -1
     6.5   14.10      1
     6.5   26.02     -1
     7.5   11.12      1
     7.5   25.18     -1
     8.5   13.01      1
     8.5   22.67     -1
     9.5   7.825      1
     9.5   18.98     -1
    10.5   8.896      1
    10.5   14.87     -1
    11.5   4.353      1
    11.5   11.04     -1
    12.5   4.799      1
    12.5   7.854     -1
    13.5   2.088      1
    13.5   5.416     -1
    14.5   2.253      1
    14.5   3.652     -1
    15.5  0.9245      1
    15.5   2.424     -1
    16.5  0.9851      1
    16.5   1.590     -1
    17.5  0.3926      1
    17.5   1.034     -1
    18.5  0.4148      1
    18.5  0.6681     -1
    19.5  0.1627      1
    19.5  0.4295     -1
    20.5  0.1708      1
    20.5  0.2749     -1
    21.5  0.6630E-01  1
    21.5  0.1753     -1
    22.5  0.6932E-01  1
