     0.5   13.91      1
     0.5   27.97     -1
     1.5   27.59      1
     1.5   55.71     -1
     2.5   41.38      1
     2.5   83.89     -1
     3.5   53.53      1
     3.5   110.2     -1
     4.5   66.91      1
     4.5   106.1     -1
     5.5   19.30      1
     5.5   66.27     -1
     6.5   22.51      1
     6.5   30.88     -1
     7.5   3.492      1
     7.5   13.05     -1
     8.5   3.929      1
     8.5   5.361     -1
     9.5  0.5793      1
     9.5   2.170     -1
    10.5  0.6372      1
    10.5  0.8688     -1
    11.5  0.9162E-01  1
    11.5  0.3443     -1
    12.5  0.9925E-01  1
