     0.0   1.629      1
     1.0   4.885     -1
     2.0   8.136      1
     3.0   11.38     -1
     4.0   14.61      1
     5.0   17.83     -1
     6.0   21.02      1
     7.0   24.19     -1
     8.0   27.33      1
     9.0   30.43     -1
    10.0   33.48      1
    11.0   36.46     -1
    12.0   39.34      1
    13.0   42.05     -1
    14.0   44.46      1
    15.0   46.29     -1
    16.0   46.98      1
    17.0   45.90     -1
    18.0   42.76      1
    19.0   37.88     -1
    20.0   32.04      1
    21.0   26.10     -1
    22.0   20.64      1
    23.0   15.97     -1
    24.0   12.16      1
    25.0   9.156     -1
    26.0   6.835      1
    27.0   5.070     -1
    28.0   3.743      1
    29.0   2.753     -1
    30.0   2.019      1
    31.0   1.477     -1
    32.0   1.079      1
    33.0  0.7861     -1
    34.0  0.5720      1
    35.0  0.4157     -1
    36.0  0.3017      1
    37.0  0.2187     -1
    38.0  0.1584      1
    39.0  0.1146     -1
    40.0  0.8285E-01  1
    41.0  0.5983E-01 -1
    42.0  0.4317E-01  1
