     0.0   4.268      1
     1.0   12.80     -1
     2.0   21.33      1
     3.0   29.84     -1
     4.0   38.34      1
     5.0   46.82     -1
     6.0   55.26      1
     7.0   63.72     -1
     8.0   72.13      1
     9.0   80.42     -1
    10.0   89.20      1
    11.0   95.74     -1
    12.0   90.39      1
    13.0   71.55     -1
    14.0   49.76      1
    15.0   32.33     -1
    16.0   20.34      1
    17.0   12.60     -1
    18.0   7.741      1
    19.0   4.731     -1
    20.0   2.881      1
    21.0   1.748     -1
    22.0   1.058      1
    23.0  0.6389     -1
    24.0  0.3848      1
    25.0  0.2313     -1
    26.0  0.1387      1
    27.0  0.8306E-01 -1
    28.0  0.4965E-01  1
    29.0  0.2963E-01 -1
