     0.0  0.2485      1
     0.0  0.4986     -1
     1.0   2.243      1
     1.0   4.481     -1
     2.0   4.948      1
     2.0   9.904     -1
     3.0   6.856      1
     3.0   13.70     -1
     4.0   8.643      1
     4.0   17.31     -1
     5.0   10.35      1
     5.0   20.65     -1
     6.0   11.77      1
     6.0   23.62     -1
     7.0   13.09      1
     7.0   26.07     -1
     8.0   13.85      1
     8.0   27.85     -1
     9.0   14.47      1
     9.0   28.76     -1
    10.0   14.24      1
    10.0   28.65     -1
    11.0   13.76      1
    11.0   27.42     -1
    12.0   12.56      1
    12.0   25.11     -1
    13.0   10.92      1
    13.0   21.97     -1
    14.0   9.300      1
    14.0   18.37     -1
    15.0   7.219      1
    15.0   14.72     -1
    16.0   5.825      1
    16.0   11.37     -1
    17.0   4.129      1
    17.0   8.512     -1
    18.0   3.216      1
    18.0   6.223     -1
    19.0   2.152      1
    19.0   4.467     -1
    20.0   1.642      1
    20.0   3.162     -1
    21.0   1.064      1
    21.0   2.215     -1
    22.0  0.8014      1
    22.0   1.540     -1
    23.0  0.5101      1
    23.0   1.064     -1
