     0.0   2.802      1
     1.0   8.404     -1
     2.0   14.00      1
     3.0   19.58     -1
     4.0   25.15      1
     5.0   30.70     -1
     6.0   36.22      1
     7.0   41.71     -1
     8.0   47.16      1
     9.0   52.55     -1
    10.0   57.85      1
    11.0   63.02     -1
    12.0   67.74      1
    13.0   70.17     -1
    14.0   67.32      1
    15.0   58.48     -1
    16.0   46.42      1
    17.0   34.54     -1
    18.0   24.65      1
    19.0   17.15     -1
    20.0   11.75      1
    21.0   7.967     -1
    22.0   5.368      1
    23.0   3.599     -1
    24.0   2.404      1
    25.0   1.601     -1
    26.0   1.064      1
    27.0  0.7055     -1
    28.0  0.4668      1
    29.0  0.3084     -1
    30.0  0.2034      1
    31.0  0.1339     -1
    32.0  0.8807E-01  1
    33.0  0.5784E-01 -1
    34.0  0.3794E-01  1
