     0.5   6.804      1
     0.5   13.55     -1
     1.5   13.21      1
     1.5   26.60     -1
     2.5   19.54      1
     2.5   38.24     -1
     3.5   22.64      1
     3.5   47.54     -1
     4.5   29.26      1
     4.5   53.44     -1
     5.5   21.92      1
     5.5   53.07     -1
     6.5   27.76      1
     6.5   44.22     -1
     7.5   10.47      1
     7.5   30.58     -1
     8.5   12.30      1
     8.5   18.21     -1
     9.5   3.088      1
     9.5   9.812     -1
    10.5   3.441      1
    10.5   4.990     -1
    11.5  0.7613      1
    11.5   2.462     -1
    12.5  0.8274      1
    12.5   1.198     -1
    13.5  0.1799      1
    13.5  0.5797     -1
    14.5  0.1928      1
    14.5  0.2800     -1
    15.5  0.4224E-01  1
    15.5  0.1352     -1
