     0.0  0.2100      1
     0.0  0.4213     -1
     1.0   1.896      1
     1.0   3.787     -1
     2.0   4.184      1
     2.0   8.375     -1
     3.0   5.806      1
     3.0   11.60     -1
     4.0   7.338      1
     4.0   14.69     -1
     5.0   8.809      1
     5.0   17.59     -1
     6.0   10.10      1
     6.0   20.23     -1
     7.0   11.29      1
     7.0   22.52     -1
     8.0   12.12      1
     8.0   24.34     -1
     9.0   12.85      1
     9.0   25.57     -1
    10.0   12.96      1
    10.0   26.06     -1
    11.0   12.91      1
    11.0   25.70     -1
    12.0   12.18      1
    12.0   24.43     -1
    13.0   11.15      1
    13.0   22.32     -1
    14.0   9.837      1
    14.0   19.57     -1
    15.0   8.145      1
    15.0   16.47     -1
    16.0   6.785      1
    16.0   13.35     -1
    17.0   5.123      1
    17.0   10.47     -1
    18.0   4.100      1
    18.0   7.993     -1
    19.0   2.900      1
    19.0   5.972     -1
    20.0   2.263      1
    20.0   4.389     -1
    21.0   1.540      1
    21.0   3.185     -1
    22.0   1.184      1
    22.0   2.290     -1
    23.0  0.7881      1
    23.0   1.634     -1
    24.0  0.6008      1
    24.0   1.160     -1
