     0.5   16.70      1
     0.5   33.66     -1
     1.5   33.03      1
     1.5   66.94     -1
     2.5   49.54      1
     2.5   101.8     -1
     3.5   59.94      1
     3.5   129.6     -1
     4.5   74.92      1
     4.5   109.9     -1
     5.5   14.69      1
     5.5   56.62     -1
     6.5   17.14      1
     6.5   22.88     -1
     7.5   2.192      1
     7.5   8.747     -1
     8.5   2.466      1
     8.5   3.292     -1
     9.5  0.3071      1
     9.5   1.225     -1
    10.5  0.3378      1
    10.5  0.4506     -1
    11.5  0.4101E-01  1
    11.5  0.1641     -1
    12.5  0.4442E-01  1
