     0.0   5.146      1
     1.0   15.43     -1
     2.0   25.72      1
     3.0   35.99     -1
     4.0   46.24      1
     5.0   56.49     -1
     6.0   66.69      1
     7.0   76.98     -1
     8.0   87.04      1
     9.0   97.52     -1
    10.0   108.3      1
    11.0   106.0     -1
    12.0   82.70      1
    13.0   54.56     -1
    14.0   33.36      1
    15.0   19.80     -1
    16.0   11.62      1
    17.0   6.776     -1
    18.0   3.936      1
    19.0   2.279     -1
    20.0   1.316      1
    21.0  0.7579     -1
    22.0  0.4353      1
    23.0  0.2494     -1
    24.0  0.1426      1
    25.0  0.8133E-01 -1
    26.0  0.4631E-01  1
    27.0  0.2632E-01 -1
