     0.5   2.557      1
     0.5   5.096     -1
     1.5   4.990      1
     1.5   10.06     -1
     2.5   7.456      1
     2.5   14.73     -1
     3.5   9.263      1
     3.5   18.91     -1
     4.5   11.53      1
     4.5   22.32     -1
     5.5   11.68      1
     5.5   24.68     -1
     6.5   13.86      1
     6.5   25.63     -1
     7.5   11.05      1
     7.5   24.92     -1
     8.5   12.92      1
     8.5   22.57     -1
     9.5   7.886      1
     9.5   19.03     -1
    10.5   8.963      1
    10.5   15.03     -1
    11.5   4.451      1
    11.5   11.24     -1
    12.5   4.908      1
    12.5   8.054     -1
    13.5   2.163      1
    13.5   5.591     -1
    14.5   2.335      1
    14.5   3.794     -1
    15.5  0.9692      1
    15.5   2.532     -1
    16.5   1.033      1
    16.5   1.670     -1
    17.5  0.4160      1
    17.5   1.092     -1
    18.5  0.4396      1
    18.5  0.7093     -1
    19.5  0.1741      1
    19.5  0.4583     -1
    20.5  0.1829      1
    20.5  0.2948     -1
    21.5  0.7168E-01  1
    21.5  0.1889     -1
    22.5  0.7495E-01  1
