     0.0   3.640      1
     1.0   10.92     -1
     2.0   18.19      1
     3.0   25.45     -1
     4.0   32.69      1
     5.0   39.91     -1
     6.0   47.10      1
     7.0   54.27     -1
     8.0   61.42      1
     9.0   68.46     -1
    10.0   75.52      1
    11.0   82.40     -1
    12.0   85.13      1
    13.0   77.77     -1
    14.0   61.82      1
    15.0   44.40     -1
    16.0   30.08      1
    17.0   19.76     -1
    18.0   12.76      1
    19.0   8.165     -1
    20.0   5.192      1
    21.0   3.287     -1
    22.0   2.074      1
    23.0   1.305     -1
    24.0  0.8190      1
    25.0  0.5129     -1
    26.0  0.3205      1
    27.0  0.1999     -1
    28.0  0.1245      1
    29.0  0.7736E-01 -1
    30.0  0.4801E-01  1
    31.0  0.2976E-01 -1
