     0.0   3.383      1
     0.0   6.808     -1
     1.0   20.24      1
     1.0   40.75     -1
     2.0   33.50      1
     2.0   67.87     -1
     3.0   44.86      1
     3.0   93.12     -1
     4.0   56.95      1
     4.0   103.6     -1
     5.0   43.95      1
     5.0   84.16     -1
     6.0   19.71      1
     6.0   48.13     -1
     7.0   13.23      1
     7.0   21.79     -1
     8.0   3.574      1
     8.0   9.136     -1
     9.0   2.277      1
     9.0   3.743     -1
    10.0  0.5937      1
    10.0   1.515     -1
    11.0  0.3688      1
    11.0  0.6065     -1
    12.0  0.9419E-01  1
