     0.0   1.912      1
     0.0   3.848     -1
     1.0   17.14      1
     1.0   34.64     -1
     2.0   36.77      1
     2.0   75.65     -1
     3.0   50.32      1
     3.0   97.35     -1
     4.0   52.90      1
     4.0   104.1     -1
     5.0   50.74      1
     5.0   95.23     -1
     6.0   36.72      1
     6.0   69.62     -1
     7.0   14.04      1
     7.0   36.49     -1
     8.0   9.161      1
     8.0   14.65     -1
     9.0   2.133      1
     9.0   5.618     -1
    10.0   1.331      1
    10.0   2.157     -1
