     0.0   2.313      1
     1.0   6.937     -1
     2.0   11.56      1
     3.0   16.16     -1
     4.0   20.76      1
     5.0   25.33     -1
     6.0   29.88      1
     7.0   34.40     -1
     8.0   38.87      1
     9.0   43.30     -1
    10.0   47.66      1
    11.0   51.89     -1
    12.0   55.90      1
    13.0   59.31     -1
    14.0   60.86      1
    15.0   58.82     -1
    16.0   52.67      1
    17.0   43.79     -1
    18.0   34.31      1
    19.0   25.77     -1
    20.0   18.82      1
    21.0   13.49     -1
    22.0   9.555      1
    23.0   6.710     -1
    24.0   4.684      1
    25.0   3.255     -1
    26.0   2.254      1
    27.0   1.557     -1
    28.0   1.073      1
    29.0  0.7377     -1
    30.0  0.5064      1
    31.0  0.3471     -1
    32.0  0.2375      1
    33.0  0.1623     -1
    34.0  0.1108      1
    35.0  0.7553E-01 -1
    36.0  0.5144E-01  1
    37.0  0.3499E-01 -1
