     0.5   22.14      1
     0.5   44.70     -1
     1.5   43.54      1
     1.5   88.66     -1
     2.5   65.31      1
     2.5   136.9     -1
     3.5   62.03      1
     3.5   157.4     -1
     4.5   77.54      1
     4.5   102.7     -1
     5.5   8.607      1
     5.5   38.77     -1
     6.5   10.04      1
     6.5   12.93     -1
     7.5  0.9585      1
     7.5   4.260     -1
     8.5   1.078      1
     8.5   1.392     -1
     9.5  0.1013      1
     9.5  0.4499     -1
    10.5  0.1114      1
    10.5  0.1437     -1
    11.5  0.1018E-01  1
    11.5  0.4539E-01 -1
