     0.0  0.4172      1
     0.0  0.8374     -1
     1.0   3.766      1
     1.0   7.523     -1
     2.0   8.286      1
     2.0   16.59     -1
     3.0   11.43      1
     3.0   22.83     -1
     4.0   14.24      1
     4.0   28.57     -1
     5.0   16.87      1
     5.0   33.55     -1
     6.0   18.55      1
     6.0   37.41     -1
     7.0   20.08      1
     7.0   39.75     -1
     8.0   19.87      1
     8.0   40.12     -1
     9.0   19.22      1
     9.0   38.26     -1
    10.0   17.18      1
    10.0   34.25     -1
    11.0   14.14      1
    11.0   28.69     -1
    12.0   11.53      1
    12.0   22.47     -1
    13.0   7.970      1
    13.0   16.56     -1
    14.0   6.069      1
    14.0   11.59     -1
    15.0   3.686      1
    15.0   7.795     -1
    16.0   2.696      1
    16.0   5.091     -1
    17.0   1.527      1
    17.0   3.258     -1
    18.0   1.094      1
    18.0   2.056     -1
    19.0  0.6007      1
    19.0   1.286     -1
