     0.5   5.386      1
     0.5   10.81     -1
     1.5   16.12      1
     1.5   32.24     -1
     2.5   23.54      1
     2.5   47.56     -1
     3.5   30.97      1
     3.5   59.96     -1
     4.5   32.02      1
     4.5   65.39     -1
     5.5   30.73      1
     5.5   60.31     -1
     6.5   20.83      1
     6.5   45.43     -1
     7.5   15.99      1
     7.5   27.97     -1
     8.5   6.254      1
     8.5   15.04     -1
     9.5   4.461      1
     9.5   7.586     -1
    10.5   1.528      1
    10.5   3.718     -1
    11.5   1.058      1
    11.5   1.794     -1
    12.5  0.3514      1
    12.5  0.8567     -1
