     0.0  0.4850      1
     0.0  0.9737     -1
     1.0   4.379      1
     1.0   8.746     -1
     2.0   9.626      1
     2.0   19.28     -1
     3.0   13.26      1
     3.0   26.47     -1
     4.0   16.44      1
     4.0   33.02     -1
     5.0   19.42      1
     5.0   38.55     -1
     6.0   21.08      1
     6.0   42.61     -1
     7.0   22.57      1
     7.0   44.62     -1
     8.0   21.83      1
     8.0   44.06     -1
     9.0   20.39      1
     9.0   40.71     -1
    10.0   17.66      1
    10.0   34.97     -1
    11.0   13.57      1
    11.0   27.81     -1
    12.0   10.67      1
    12.0   20.54     -1
    13.0   6.741      1
    13.0   14.21     -1
    14.0   4.959      1
    14.0   9.344     -1
    15.0   2.756      1
    15.0   5.916     -1
    16.0   1.959      1
    16.0   3.652     -1
    17.0   1.025      1
    17.0   2.217     -1
    18.0  0.7171      1
    18.0   1.332     -1
