     0.5   12.58      1
     0.5   25.25     -1
     1.5   24.97      1
     1.5   50.32     -1
     2.5   37.45      1
     2.5   75.47     -1
     3.5   49.26      1
     3.5   99.96     -1
     4.5   61.58      1
     4.5   101.8     -1
     5.5   21.79      1
     5.5   70.04     -1
     6.5   25.42      1
     6.5   35.47     -1
     7.5   4.407      1
     7.5   15.90     -1
     8.5   4.958      1
     8.5   6.848     -1
     9.5  0.7993      1
     9.5   2.900     -1
    10.5  0.8792      1
    10.5   1.213     -1
    11.5  0.1381      1
    11.5  0.5023     -1
    12.5  0.1496      1
    12.5  0.2061     -1
    13.5  0.2298E-01  1
    13.5  0.8389E-01 -1
