     0.0   2.877      1
     0.0   5.781     -1
     1.0   17.22      1
     1.0   34.61     -1
     2.0   28.54      1
     2.0   57.49     -1
     3.0   38.98      1
     3.0   79.35     -1
     4.0   50.01      1
     4.0   92.24     -1
     5.0   40.94      1
     5.0   82.71     -1
     6.0   23.82      1
     6.0   54.37     -1
     7.0   16.42      1
     7.0   27.86     -1
     8.0   5.171      1
     8.0   12.77     -1
     9.0   3.360      1
     9.0   5.639     -1
    10.0  0.9892      1
    10.0   2.447     -1
    11.0  0.6255      1
    11.0   1.050     -1
    12.0  0.1801      1
