     0.0   1.869      1
     1.0   5.604     -1
     2.0   9.334      1
     3.0   13.06     -1
     4.0   16.76      1
     5.0   20.45     -1
     6.0   24.12      1
     7.0   27.76     -1
     8.0   31.37      1
     9.0   34.93     -1
    10.0   38.44      1
    11.0   41.85     -1
    12.0   45.13      1
    13.0   48.17     -1
    14.0   50.67      1
    15.0   51.95     -1
    16.0   51.06      1
    17.0   47.46     -1
    18.0   41.58      1
    19.0   34.53     -1
    20.0   27.49      1
    21.0   21.21     -1
    22.0   16.00      1
    23.0   11.88     -1
    24.0   8.729      1
    25.0   6.360     -1
    26.0   4.608      1
    27.0   3.323     -1
    28.0   2.389      1
    29.0   1.712     -1
    30.0   1.225      1
    31.0  0.8743     -1
    32.0  0.6230      1
    33.0  0.4433     -1
    34.0  0.3150      1
    35.0  0.2235     -1
    36.0  0.1584      1
    37.0  0.1122     -1
    38.0  0.7934E-01  1
    39.0  0.5606E-01 -1
    40.0  0.3958E-01  1
