     0.5   25.40      1
     0.5   51.26     -1
     1.5   49.82      1
     1.5   101.5     -1
     2.5   74.72      1
     2.5   157.2     -1
     3.5   58.46      1
     3.5   168.5     -1
     4.5   73.07      1
     4.5   93.29     -1
     5.5   6.352      1
     5.5   30.61     -1
     6.5   7.410      1
     6.5   9.391     -1
     7.5  0.6112      1
     7.5   2.875     -1
     8.5  0.6876      1
     8.5  0.8735     -1
     9.5  0.5572E-01  1
     9.5  0.2623     -1
    10.5  0.6129E-01  1
