     0.0  0.5179      1
     0.0   1.040     -1
     1.0   4.675      1
     1.0   9.337     -1
     2.0   10.27      1
     2.0   20.57     -1
     3.0   14.15      1
     3.0   28.23     -1
     4.0   17.50      1
     4.0   35.16     -1
     5.0   20.64      1
     5.0   40.96     -1
     6.0   22.29      1
     6.0   45.09     -1
     7.0   23.74      1
     7.0   46.91     -1
     8.0   22.73      1
     8.0   45.85     -1
     9.0   20.87      1
     9.0   41.75     -1
    10.0   17.81      1
    10.0   35.15     -1
    11.0   13.24      1
    11.0   27.27     -1
    12.0   10.23      1
    12.0   19.58     -1
    13.0   6.190      1
    13.0   13.15     -1
    14.0   4.485      1
    14.0   8.395     -1
    15.0   2.390      1
    15.0   5.169     -1
    16.0   1.678      1
    16.0   3.109     -1
    17.0  0.8466      1
    17.0   1.843     -1
