     0.5   2.152      1
     0.5   4.289     -1
     1.5   4.208      1
     1.5   8.476     -1
     2.5   6.294      1
     2.5   12.45     -1
     3.5   7.895      1
     3.5   16.07     -1
     4.5   9.830      1
     4.5   19.15     -1
     5.5   10.29      1
     5.5   21.47     -1
     6.5   12.11      1
     6.5   22.79     -1
     7.5   10.43      1
     7.5   22.88     -1
     8.5   12.06      1
     8.5   21.61     -1
     9.5   8.208      1
     9.5   19.16     -1
    10.5   9.305      1
    10.5   15.97     -1
    11.5   5.145      1
    11.5   12.60     -1
    12.5   5.682      1
    12.5   9.502     -1
    13.5   2.751      1
    13.5   6.921     -1
    14.5   2.975      1
    14.5   4.911     -1
    15.5   1.341      1
    15.5   3.419     -1
    16.5   1.430      1
    16.5   2.347     -1
    17.5  0.6212      1
    17.5   1.594     -1
    18.5  0.6567      1
    18.5   1.075     -1
    19.5  0.2796      1
    19.5  0.7199     -1
    20.5  0.2937      1
    20.5  0.4799     -1
    21.5  0.1235      1
    21.5  0.3186     -1
    22.5  0.1291      1
    22.5  0.2108     -1
    23.5  0.5383E-01  1
    23.5  0.1391     -1
