     0.5   4.906      1
     0.5   9.771     -1
     1.5   9.511      1
     1.5   19.19     -1
     2.5   14.12      1
     2.5   27.75     -1
     3.5   16.66      1
     3.5   34.69     -1
     4.5   21.13      1
     4.5   39.25     -1
     5.5   17.64      1
     5.5   40.43     -1
     6.5   22.02      1
     6.5   37.25     -1
     7.5   11.62      1
     7.5   30.25     -1
     8.5   13.80      1
     8.5   21.76     -1
     9.5   5.020      1
     9.5   14.20     -1
    10.5   5.647      1
    10.5   8.639     -1
    11.5   1.721      1
    11.5   5.027     -1
    12.5   1.877      1
    12.5   2.846     -1
    13.5  0.5389      1
    13.5   1.586     -1
    14.5  0.5785      1
    14.5  0.8760     -1
    15.5  0.1634      1
    15.5  0.4810     -1
    16.5  0.1737      1
    16.5  0.2631     -1
    17.5  0.4879E-01  1
    17.5  0.1435     -1
