     0.5   3.691      1
     0.5   7.390     -1
     1.5   11.05      1
     1.5   22.04     -1
     2.5   16.21      1
     2.5   32.56     -1
     3.5   21.32      1
     3.5   41.93     -1
     4.5   23.62      1
     4.5   48.44     -1
     5.5   25.39      1
     5.5   49.80     -1
     6.5   21.51      1
     6.5   44.54     -1
     7.5   18.30      1
     7.5   34.05     -1
     8.5   10.03      1
     8.5   22.57     -1
     9.5   7.662      1
     9.5   13.55     -1
    10.5   3.316      1
    10.5   7.703     -1
    11.5   2.427      1
    11.5   4.250     -1
    12.5  0.9868      1
    12.5   2.305     -1
    13.5  0.7075      1
    13.5   1.236     -1
    14.5  0.2809      1
    14.5  0.6573     -1
