     0.5   2.743      1
     0.5   5.466     -1
     1.5   5.347      1
     1.5   10.78     -1
     2.5   7.987      1
     2.5   15.77     -1
     3.5   9.879      1
     3.5   20.19     -1
     4.5   12.30      1
     4.5   23.74     -1
     5.5   12.26      1
     5.5   26.07     -1
     6.5   14.62      1
     6.5   26.81     -1
     7.5   11.25      1
     7.5   25.69     -1
     8.5   13.20      1
     8.5   22.83     -1
     9.5   7.690      1
     9.5   18.83     -1
    10.5   8.743      1
    10.5   14.53     -1
    11.5   4.149      1
    11.5   10.62     -1
    12.5   4.572      1
    12.5   7.443     -1
    13.5   1.936      1
    13.5   5.063     -1
    14.5   2.089      1
    14.5   3.370     -1
    15.5  0.8368      1
    15.5   2.209     -1
    16.5  0.8914      1
    16.5   1.433     -1
    17.5  0.3475      1
    17.5  0.9214     -1
    18.5  0.3671      1
    18.5  0.5889     -1
    19.5  0.1409      1
    19.5  0.3746     -1
    20.5  0.1480      1
    20.5  0.2373     -1
    21.5  0.5628E-01  1
    21.5  0.1498     -1
