     0.0  0.5969      1
     0.0   1.198     -1
     1.0   5.387      1
     1.0   10.76     -1
     2.0   11.83      1
     2.0   23.70     -1
     3.0   16.28      1
     3.0   32.47     -1
     4.0   20.04      1
     4.0   40.32     -1
     5.0   23.60      1
     5.0   46.74     -1
     6.0   25.18      1
     6.0   51.04     -1
     7.0   26.51      1
     7.0   52.35     -1
     8.0   24.82      1
     8.0   49.99     -1
     9.0   21.87      1
     9.0   43.95     -1
    10.0   18.02      1
    10.0   35.26     -1
    11.0   12.32      1
    11.0   25.75     -1
    12.0   9.166      1
    12.0   17.26     -1
    13.0   4.991      1
    13.0   10.81     -1
    14.0   3.500      1
    14.0   6.444     -1
    15.0   1.691      1
    15.0   3.724     -1
    16.0   1.156      1
    16.0   2.112     -1
    17.0  0.5358      1
