     0.5   11.46      1
     0.5   22.99     -1
     1.5   22.77      1
     1.5   45.82     -1
     2.5   34.16      1
     2.5   68.53     -1
     3.5   45.24      1
     3.5   91.07     -1
     4.5   56.55      1
     4.5   96.89     -1
     5.5   23.90      1
     5.5   72.30     -1
     6.5   27.88      1
     6.5   39.59     -1
     7.5   5.374      1
     7.5   18.76     -1
     8.5   6.046      1
     8.5   8.447     -1
     9.5   1.056      1
     9.5   3.724     -1
    10.5   1.161      1
    10.5   1.620     -1
    11.5  0.1972      1
    11.5  0.6975     -1
    12.5  0.2136      1
    12.5  0.2976     -1
    13.5  0.3548E-01  1
    13.5  0.1259     -1
