     0.0   1.767      1
     0.0   3.534     -1
     1.0   10.57      1
     1.0   21.16     -1
     2.0   17.53      1
     2.0   35.01     -1
     3.0   24.16      1
     3.0   48.37     -1
     4.0   30.75      1
     4.0   59.78     -1
     5.0   30.64      1
     5.0   64.47     -1
     6.0   28.87      1
     6.0   57.49     -1
     7.0   22.14      1
     7.0   41.57     -1
     8.0   11.36      1
     8.0   25.43     -1
     9.0   7.931      1
     9.0   14.13     -1
    10.0   3.262      1
    10.0   7.487     -1
    11.0   2.191      1
    11.0   3.875     -1
    12.0  0.8585      1
    12.0   1.977     -1
    13.0  0.5653      1
    13.0  0.9986     -1
    14.0  0.2170      1
    14.0  0.5003     -1
    15.0  0.1411      1
    15.0  0.2490     -1
