     0.0   2.939      1
     1.0   8.813     -1
     2.0   14.68      1
     3.0   20.54     -1
     4.0   26.38      1
     5.0   32.20     -1
     6.0   37.99      1
     7.0   43.75     -1
     8.0   49.47      1
     9.0   55.14     -1
    10.0   60.70      1
    11.0   66.16     -1
    12.0   70.97      1
    13.0   72.60     -1
    14.0   67.83      1
    15.0   56.99     -1
    16.0   43.85      1
    17.0   31.80     -1
    18.0   22.23      1
    19.0   15.21     -1
    20.0   10.27      1
    21.0   6.879     -1
    22.0   4.580      1
    23.0   3.036     -1
    24.0   2.006      1
    25.0   1.322     -1
    26.0  0.8690      1
    27.0  0.5701     -1
    28.0  0.3733      1
    29.0  0.2440     -1
    30.0  0.1592      1
    31.0  0.1038     -1
    32.0  0.6752E-01  1
    33.0  0.4388E-01 -1
    34.0  0.2849E-01  1
