     0.0   5.976      1
     0.0   12.01     -1
     1.0   35.78      1
     1.0   71.97     -1
     2.0   58.89      1
     2.0   120.5     -1
     3.0   63.78      1
     3.0   153.0     -1
     4.0   62.35      1
     4.0   129.4     -1
     5.0   43.11      1
     5.0   65.54     -1
     6.0   7.238      1
     6.0   21.85     -1
     7.0   4.541      1
     7.0   6.849     -1
     8.0  0.7276      1
     8.0   2.142     -1
     9.0  0.4386      1
     9.0  0.6650     -1
    10.0  0.6948E-01  1
