     0.0   1.540      1
     1.0   4.618     -1
     2.0   7.691      1
     3.0   10.76     -1
     4.0   13.81      1
     5.0   16.85     -1
     6.0   19.87      1
     7.0   22.87     -1
     8.0   25.83      1
     9.0   28.76     -1
    10.0   31.65      1
    11.0   34.46     -1
    12.0   37.19      1
    13.0   39.77     -1
    14.0   42.11      1
    15.0   44.00     -1
    16.0   45.03      1
    17.0   44.65     -1
    18.0   42.46      1
    19.0   38.53     -1
    20.0   33.40      1
    21.0   27.84     -1
    22.0   22.47      1
    23.0   17.71     -1
    24.0   13.70      1
    25.0   10.46     -1
    26.0   7.910      1
    27.0   5.937     -1
    28.0   4.432      1
    29.0   3.294     -1
    30.0   2.441      1
    31.0   1.803     -1
    32.0   1.329      1
    33.0  0.9781     -1
    34.0  0.7185      1
    35.0  0.5271     -1
    36.0  0.3861      1
    37.0  0.2825     -1
    38.0  0.2065      1
    39.0  0.1508     -1
    40.0  0.1100      1
    41.0  0.8017E-01 -1
    42.0  0.5838E-01  1
    43.0  0.4248E-01 -1
