     0.5   18.54      1
     0.5   37.39     -1
     1.5   36.58      1
     1.5   74.29     -1
     2.5   54.87      1
     2.5   113.6     -1
     3.5   62.10      1
     3.5   140.4     -1
     4.5   77.62      1
     4.5   109.2     -1
     5.5   12.24      1
     5.5   50.13     -1
     6.5   14.28      1
     6.5   18.80     -1
     7.5   1.640      1
     7.5   6.800     -1
     8.5   1.844      1
     8.5   2.432     -1
     9.5  0.2076      1
     9.5  0.8602     -1
    10.5  0.2284      1
    10.5  0.3009     -1
    11.5  0.2504E-01  1
    11.5  0.1041     -1
