     0.0   3.868      1
     1.0   11.60     -1
     2.0   19.33      1
     3.0   27.04     -1
     4.0   34.74      1
     5.0   42.42     -1
     6.0   50.07      1
     7.0   57.70     -1
     8.0   65.31      1
     9.0   72.80     -1
    10.0   80.45      1
    11.0   87.54     -1
    12.0   88.09      1
    13.0   76.53     -1
    14.0   57.74      1
    15.0   39.81     -1
    16.0   26.16      1
    17.0   16.78     -1
    18.0   10.63      1
    19.0   6.682     -1
    20.0   4.179      1
    21.0   2.604     -1
    22.0   1.618      1
    23.0   1.002     -1
    24.0  0.6193      1
    25.0  0.3819     -1
    26.0  0.2350      1
    27.0  0.1444     -1
    28.0  0.8852E-01  1
    29.0  0.5419E-01 -1
    30.0  0.3313E-01  1
