     0.5   4.397      1
     0.5   8.810     -1
     1.5   13.16      1
     1.5   26.28     -1
     2.5   19.29      1
     2.5   38.80     -1
     3.5   25.38      1
     3.5   49.59     -1
     4.5   27.29      1
     4.5   56.01     -1
     5.5   28.04      1
     5.5   55.12     -1
     6.5   21.81      1
     6.5   45.92     -1
     7.5   17.65      1
     7.5   31.98     -1
     8.5   8.306      1
     8.5   19.27     -1
     9.5   6.138      1
     9.5   10.66     -1
    10.5   2.385      1
    10.5   5.655     -1
    11.5   1.700      1
    11.5   2.935     -1
    12.5  0.6318      1
    12.5   1.503     -1
    13.5  0.4422      1
