     0.0   10.84      1
     1.0   32.54     -1
     2.0   54.17      1
     3.0   75.94     -1
     4.0   97.50      1
     5.0   119.2     -1
     6.0   141.4      1
     7.0   159.7     -1
     8.0   179.1      1
     9.0   126.5     -1
    10.0   58.64      1
    11.0   25.85     -1
    12.0   11.56      1
    13.0   5.227     -1
    14.0   2.370      1
    15.0   1.074     -1
    16.0  0.4852      1
    17.0  0.2187     -1
    18.0  0.9823E-01  1
    19.0  0.4399E-01 -1
    20.0  0.1964E-01  1
