     0.5   2.953      1
     0.5   5.883     -1
     1.5   5.750      1
     1.5   11.59     -1
     2.5   8.585      1
     2.5   16.94     -1
     3.5   10.57      1
     3.5   21.63     -1
     4.5   13.17      1
     4.5   25.32     -1
     5.5   12.88      1
     5.5   27.60     -1
     6.5   15.44      1
     6.5   28.06     -1
     7.5   11.42      1
     7.5   26.45     -1
     8.5   13.45      1
     8.5   23.01     -1
     9.5   7.447      1
     9.5   18.52     -1
    10.5   8.467      1
    10.5   13.93     -1
    11.5   3.826      1
    11.5   9.930     -1
    12.5   4.211      1
    12.5   6.799     -1
    13.5   1.708      1
    13.5   4.524     -1
    14.5   1.842      1
    14.5   2.950     -1
    15.5  0.7101      1
    15.5   1.897     -1
    16.5  0.7561      1
    16.5   1.207     -1
    17.5  0.2845      1
    17.5  0.7625     -1
    18.5  0.3005      1
    18.5  0.4790     -1
    19.5  0.1115      1
    19.5  0.2994     -1
    20.5  0.1171      1
    20.5  0.1865     -1
    21.5  0.4305E-01  1
    21.5  0.1158     -1
