     0.0   2.093      1
     0.0   4.191     -1
     1.0   12.53      1
     1.0   25.09     -1
     2.0   20.77      1
     2.0   41.55     -1
     3.0   28.65      1
     3.0   57.46     -1
     4.0   36.64      1
     4.0   70.09     -1
     5.0   34.18      1
     5.0   72.02     -1
     6.0   28.50      1
     6.0   58.71     -1
     7.0   20.95      1
     7.0   37.93     -1
     8.0   9.034      1
     8.0   20.93     -1
     9.0   6.135      1
     9.0   10.70     -1
    10.0   2.253      1
    10.0   5.295     -1
    11.0   1.480      1
    11.0   2.574     -1
    12.0  0.5253      1
    12.0   1.237     -1
    13.0  0.3389      1
    13.0  0.5889     -1
    14.0  0.1180      1
