     0.0   4.126      1
     1.0   12.38     -1
     2.0   20.62      1
     3.0   28.85     -1
     4.0   37.06      1
     5.0   45.26     -1
     6.0   53.42      1
     7.0   61.58     -1
     8.0   69.71      1
     9.0   77.71     -1
    10.0   86.08      1
    11.0   92.99     -1
    12.0   90.02      1
    13.0   73.66     -1
    14.0   52.65      1
    15.0   34.87     -1
    16.0   22.25      1
    17.0   13.95     -1
    18.0   8.658      1
    19.0   5.343     -1
    20.0   3.283      1
    21.0   2.011     -1
    22.0   1.228      1
    23.0  0.7482     -1
    24.0  0.4548      1
    25.0  0.2758     -1
    26.0  0.1669      1
    27.0  0.1008     -1
    28.0  0.6080E-01  1
    29.0  0.3661E-01 -1
    30.0  0.2201E-01  1
