     0.0  0.6450      1
     0.0   1.294     -1
     1.0   5.820      1
     1.0   11.63     -1
     2.0   12.78      1
     2.0   25.60     -1
     3.0   17.58      1
     3.0   35.04     -1
     4.0   21.60      1
     4.0   43.46     -1
     5.0   25.41      1
     5.0   50.29     -1
     6.0   26.95      1
     6.0   54.70     -1
     7.0   28.20      1
     7.0   55.67     -1
     8.0   26.05      1
     8.0   52.42     -1
     9.0   22.38      1
     9.0   45.11     -1
    10.0   18.06      1
    10.0   35.11     -1
    11.0   11.70      1
    11.0   24.69     -1
    12.0   8.516      1
    12.0   15.87     -1
    13.0   4.347      1
    13.0   9.531     -1
    14.0   2.996      1
    14.0   5.462     -1
    15.0   1.366      1
    15.0   3.043     -1
    16.0  0.9210      1
    16.0   1.668     -1
