     0.5   17.58      1
     0.5   35.43     -1
     1.5   34.72      1
     1.5   70.44     -1
     2.5   52.08      1
     2.5   107.4     -1
     3.5   61.17      1
     3.5   134.9     -1
     4.5   76.46      1
     4.5   109.8     -1
     5.5   13.47      1
     5.5   53.50     -1
     6.5   15.72      1
     6.5   20.83     -1
     7.5   1.906      1
     7.5   7.752     -1
     8.5   2.145      1
     8.5   2.846     -1
     9.5  0.2543      1
     9.5   1.033     -1
    10.5  0.2798      1
    10.5  0.3710     -1
    11.5  0.3234E-01  1
    11.5  0.1318     -1
