     0.5   24.50      1
     0.5   49.46     -1
     1.5   48.09      1
     1.5   97.99     -1
     2.5   72.13      1
     2.5   151.7     -1
     3.5   59.67      1
     3.5   165.8     -1
     4.5   74.59      1
     4.5   96.07     -1
     5.5   6.896      1
     5.5   32.67     -1
     6.5   8.046      1
     6.5   10.24     -1
     7.5  0.6898      1
     7.5   3.196     -1
     8.5  0.7761      1
     8.5  0.9900     -1
     9.5  0.6541E-01  1
     9.5  0.3031     -1
    10.5  0.7195E-01  1
