     0.0   1.994      1
     0.0   3.991     -1
     1.0   11.93      1
     1.0   23.89     -1
     2.0   19.79      1
     2.0   39.56     -1
     3.0   27.29      1
     3.0   54.69     -1
     4.0   34.85      1
     4.0   67.01     -1
     5.0   33.16      1
     5.0   69.93     -1
     6.0   28.77      1
     6.0   58.61     -1
     7.0   21.39      1
     7.0   39.16     -1
     8.0   9.699      1
     8.0   22.25     -1
     9.0   6.637      1
     9.0   11.65     -1
    10.0   2.518      1
    10.0   5.877     -1
    11.0   1.664      1
    11.0   2.909     -1
    12.0  0.6082      1
    12.0   1.422     -1
    13.0  0.3946      1
    13.0  0.6891     -1
    14.0  0.1415      1
