     0.5   5.978      1
     0.5   12.00     -1
     1.5   17.89      1
     1.5   35.84     -1
     2.5   26.03      1
     2.5   52.80     -1
     3.5   34.20      1
     3.5   65.92     -1
     4.5   34.62      1
     4.5   70.30     -1
     5.5   31.93      1
     5.5   62.31     -1
     6.5   19.75      1
     6.5   44.19     -1
     7.5   14.79      1
     7.5   25.41     -1
     8.5   5.262      1
     8.5   12.90     -1
     9.5   3.690      1
     9.5   6.208     -1
    10.5   1.183      1
    10.5   2.921     -1
    11.5  0.8070      1
    11.5   1.356     -1
    12.5  0.2521      1
