     0.5   3.862      1
     0.5   7.735     -1
     1.5   11.56      1
     1.5   23.07     -1
     2.5   16.96      1
     2.5   34.07     -1
     3.5   22.31      1
     3.5   43.81     -1
     4.5   24.54      1
     4.5   50.34     -1
     5.5   26.10      1
     5.5   51.22     -1
     6.5   21.68      1
     6.5   45.04     -1
     7.5   18.20      1
     7.5   33.65     -1
     8.5   9.598      1
     8.5   21.77     -1
     9.5   7.268      1
     9.5   12.80     -1
    10.5   3.059      1
    10.5   7.142     -1
    11.5   2.223      1
    11.5   3.879     -1
    12.5  0.8835      1
    12.5   2.073     -1
    13.5  0.6295      1
    13.5   1.096     -1
    14.5  0.2446      1
