     0.5   10.52      1
     0.5   21.07     -1
     1.5   20.90      1
     1.5   42.01     -1
     2.5   31.35      1
     2.5   62.70     -1
     3.5   41.60      1
     3.5   83.39     -1
     4.5   51.99      1
     4.5   91.75     -1
     5.5   25.58      1
     5.5   73.29     -1
     6.5   29.85      1
     6.5   43.14     -1
     7.5   6.372      1
     7.5   21.57     -1
     8.5   7.169      1
     8.5   10.12     -1
     9.5   1.347      1
     9.5   4.630     -1
    10.5   1.481      1
    10.5   2.087     -1
    11.5  0.2696      1
    11.5  0.9303     -1
    12.5  0.2920      1
    12.5  0.4109     -1
    13.5  0.5201E-01  1
    13.5  0.1800     -1
    14.5  0.5573E-01  1
