     0.0   3.088      1
     1.0   9.263     -1
     2.0   15.43      1
     3.0   21.59     -1
     4.0   27.72      1
     5.0   33.84     -1
     6.0   39.94      1
     7.0   45.99     -1
     8.0   52.02      1
     9.0   57.98     -1
    10.0   63.84      1
    11.0   69.62     -1
    12.0   74.41      1
    13.0   74.79     -1
    14.0   67.68      1
    15.0   54.84     -1
    16.0   40.87      1
    17.0   28.89     -1
    18.0   19.80      1
    19.0   13.32     -1
    20.0   8.868      1
    21.0   5.861     -1
    22.0   3.854      1
    23.0   2.525     -1
    24.0   1.649      1
    25.0   1.074     -1
    26.0  0.6981      1
    27.0  0.4528     -1
    28.0  0.2932      1
    29.0  0.1895     -1
    30.0  0.1223      1
    31.0  0.7880E-01 -1
    32.0  0.5071E-01  1
    33.0  0.3259E-01 -1
