     0.0   6.149      1
     1.0   18.44     -1
     2.0   30.74      1
     3.0   43.00     -1
     4.0   55.29      1
     5.0   67.51     -1
     6.0   79.79      1
     7.0   92.12     -1
     8.0   104.0      1
     9.0   117.9     -1
    10.0   124.1      1
    11.0   99.48     -1
    12.0   63.04      1
    13.0   36.31     -1
    14.0   20.32      1
    15.0   11.28     -1
    16.0   6.238      1
    17.0   3.440     -1
    18.0   1.892      1
    19.0   1.038     -1
    20.0  0.5678      1
    21.0  0.3097     -1
    22.0  0.1685      1
    23.0  0.9148E-01 -1
    24.0  0.4956E-01  1
    25.0  0.2679E-01 -1
