     0.0   2.025      1
     0.0   4.054     -1
     1.0   12.12      1
     1.0   24.27     -1
     2.0   20.09      1
     2.0   40.18     -1
     3.0   27.72      1
     3.0   55.55     -1
     4.0   35.41      1
     4.0   68.00     -1
     5.0   33.53      1
     5.0   70.71     -1
     6.0   28.83      1
     6.0   58.87     -1
     7.0   21.37      1
     7.0   39.01     -1
     8.0   9.565      1
     8.0   22.00     -1
     9.0   6.531      1
     9.0   11.44     -1
    10.0   2.454      1
    10.0   5.740     -1
    11.0   1.619      1
    11.0   2.825     -1
    12.0  0.5863      1
    12.0   1.374     -1
    13.0  0.3797      1
    13.0  0.6620     -1
    14.0  0.1349      1
