     0.0  0.5010      1
     0.0   1.006     -1
     1.0   4.522      1
     1.0   9.033     -1
     2.0   9.941      1
     2.0   19.91     -1
     3.0   13.69      1
     3.0   27.33     -1
     4.0   16.95      1
     4.0   34.06     -1
     5.0   20.01      1
     5.0   39.72     -1
     6.0   21.67      1
     6.0   43.81     -1
     7.0   23.14      1
     7.0   45.73     -1
     8.0   22.27      1
     8.0   44.93     -1
     9.0   20.63      1
     9.0   41.23     -1
    10.0   17.73      1
    10.0   35.07     -1
    11.0   13.41      1
    11.0   27.56     -1
    12.0   10.46      1
    12.0   20.07     -1
    13.0   6.470      1
    13.0   13.69     -1
    14.0   4.724      1
    14.0   8.872     -1
    15.0   2.572      1
    15.0   5.542     -1
    16.0   1.817      1
    16.0   3.377     -1
    17.0  0.9342      1
    17.0   2.027     -1
    18.0  0.6500      1
    18.0   1.204     -1
