     0.0   1.810      1
     1.0   5.428     -1
     2.0   9.040      1
     3.0   12.64     -1
     4.0   16.23      1
     5.0   19.81     -1
     6.0   23.36      1
     7.0   26.89     -1
     8.0   30.38      1
     9.0   33.83     -1
    10.0   37.22      1
    11.0   40.53     -1
    12.0   43.71      1
    13.0   46.67     -1
    14.0   49.17      1
    15.0   50.65     -1
    16.0   50.24      1
    17.0   47.33     -1
    18.0   42.11      1
    19.0   35.52     -1
    20.0   28.68      1
    21.0   22.40     -1
    22.0   17.07      1
    23.0   12.80     -1
    24.0   9.476      1
    25.0   6.956     -1
    26.0   5.074      1
    27.0   3.684     -1
    28.0   2.664      1
    29.0   1.921     -1
    30.0   1.382      1
    31.0  0.9925     -1
    32.0  0.7113      1
    33.0  0.5090     -1
    34.0  0.3637      1
    35.0  0.2596     -1
    36.0  0.1850      1
    37.0  0.1318     -1
    38.0  0.9372E-01  1
    39.0  0.6660E-01 -1
    40.0  0.4728E-01  1
