     0.5   9.935      1
     0.5   19.93     -1
     1.5   19.48      1
     1.5   39.22     -1
     2.5   28.90      1
     2.5   56.79     -1
     3.5   35.77      1
     3.5   72.86     -1
     4.5   46.92      1
     4.5   82.79     -1
     5.5   26.17      1
     5.5   73.39     -1
     6.5   33.05      1
     6.5   47.66     -1
     7.5   6.839      1
     7.5   24.35     -1
     8.5   7.887      1
     8.5   10.80     -1
     9.5   1.185      1
     9.5   4.459     -1
    10.5   1.310      1
    10.5   1.784     -1
    11.5  0.1888      1
    11.5  0.7069     -1
    12.5  0.2047      1
    12.5  0.2802     -1
    13.5  0.3031E-01  1
    13.5  0.1116     -1
