     0.0   2.405      1
     0.0   4.823     -1
     1.0   14.40      1
     1.0   28.87     -1
     2.0   23.87      1
     2.0   47.87     -1
     3.0   32.88      1
     3.0   66.20     -1
     4.0   42.18      1
     4.0   79.46     -1
     5.0   37.17      1
     5.0   77.61     -1
     6.0   27.15      1
     6.0   58.12     -1
     7.0   19.37      1
     7.0   34.06     -1
     8.0   7.271      1
     8.0   17.32     -1
     9.0   4.839      1
     9.0   8.303     -1
    10.0   1.617      1
    10.0   3.882     -1
    11.0   1.044      1
    11.0   1.789     -1
    12.0  0.3397      1
    12.0  0.8163     -1
    13.0  0.2156      1
    13.0  0.3691     -1
