     0.5   7.216      1
     0.5   14.51     -1
     1.5   21.59      1
     1.5   43.37     -1
     2.5   31.04      1
     2.5   63.64     -1
     3.5   40.48      1
     3.5   77.63     -1
     4.5   39.45      1
     4.5   78.93     -1
     5.5   33.76      1
     5.5   64.30     -1
     6.5   17.02      1
     6.5   40.32     -1
     7.5   12.25      1
     7.5   20.39     -1
     8.5   3.687      1
     8.5   9.351     -1
     9.5   2.512      1
     9.5   4.144     -1
    10.5  0.7116      1
    10.5   1.808     -1
    11.5  0.4730      1
