     0.0   1.557      1
     0.0   3.073     -1
     1.0   13.90      1
     1.0   27.57     -1
     2.0   30.71      1
     2.0   61.10     -1
     3.0   42.34      1
     3.0   85.53     -1
     4.0   52.30      1
     4.0   109.1     -1
     5.0   63.40      1
     5.0   124.3     -1
     6.0   59.48      1
     6.0   122.4     -1
     7.0   51.83      1
     7.0   102.0     -1
     8.0   36.95      1
     8.0   67.71     -1
     9.0   13.96      1
     9.0   34.33     -1
    10.0   8.804      1
    10.0   14.25     -1
    11.0   1.978      1
    11.0   5.315     -1
