     0.5   7.602      1
     0.5   15.29     -1
     1.5   22.74      1
     1.5   45.72     -1
     2.5   32.53      1
     2.5   66.97     -1
     3.5   42.27      1
     3.5   81.07     -1
     4.5   40.76      1
     4.5   81.19     -1
     5.5   34.18      1
     5.5   64.43     -1
     6.5   16.14      1
     6.5   38.91     -1
     7.5   11.50      1
     7.5   18.98     -1
     8.5   3.309      1
     8.5   8.473     -1
     9.5   2.238      1
     9.5   3.670     -1
    10.5  0.6116      1
    10.5   1.567     -1
    11.5  0.4036      1
