     0.5   13.27      1
     0.5   27.20     -1
     1.5   26.20      1
     1.5   53.67     -1
     2.5   39.12      1
     2.5   80.53     -1
     3.5   53.63      1
     3.5   107.3     -1
     4.5   72.25      1
     4.5   116.0     -1
     5.5   23.52      1
     5.5   81.52     -1
     6.5   29.23      1
     6.5   38.92     -1
     7.5   3.494      1
     7.5   14.93     -1
     8.5   3.985      1
     8.5   5.170     -1
     9.5  0.3925      1
     9.5   1.716     -1
    10.5  0.4328      1
    10.5  0.5623     -1
    11.5  0.4299E-01  1
    11.5  0.1844     -1
    12.5  0.4658E-01  1
