     0.0   1.606      1
     1.0   4.815     -1
     2.0   8.020      1
     3.0   11.22     -1
     4.0   14.40      1
     5.0   17.57     -1
     6.0   20.72      1
     7.0   23.85     -1
     8.0   26.94      1
     9.0   30.00     -1
    10.0   33.00      1
    11.0   35.94     -1
    12.0   38.78      1
    13.0   41.46     -1
    14.0   43.85      1
    15.0   45.70     -1
    16.0   46.50      1
    17.0   45.61     -1
    18.0   42.72      1
    19.0   38.08     -1
    20.0   32.42      1
    21.0   26.56     -1
    22.0   21.11      1
    23.0   16.41     -1
    24.0   12.55      1
    25.0   9.480     -1
    26.0   7.100      1
    27.0   5.282     -1
    28.0   3.911      1
    29.0   2.884     -1
    30.0   2.121      1
    31.0   1.555     -1
    32.0   1.138      1
    33.0  0.8318     -1
    34.0  0.6068      1
    35.0  0.4420     -1
    36.0  0.3216      1
    37.0  0.2337     -1
    38.0  0.1696      1
    39.0  0.1230     -1
    40.0  0.8913E-01  1
    41.0  0.6452E-01 -1
    42.0  0.4667E-01  1
