     0.0   2.239      1
     0.0   4.486     -1
     1.0   13.40      1
     1.0   26.85     -1
     2.0   22.22      1
     2.0   44.49     -1
     3.0   30.64      1
     3.0   61.53     -1
     4.0   39.24      1
     4.0   74.55     -1
     5.0   35.65      1
     5.0   74.91     -1
     6.0   28.05      1
     6.0   58.77     -1
     7.0   20.32      1
     7.0   36.29     -1
     8.0   8.205      1
     8.0   19.26     -1
     9.0   5.517      1
     9.0   9.549     -1
    10.0   1.937      1
    10.0   4.598     -1
    11.0   1.262      1
    11.0   2.179     -1
    12.0  0.4297      1
    12.0   1.021     -1
    13.0  0.2750      1
    13.0  0.4745     -1
