     0.0   2.163      1
     0.0   4.333     -1
     1.0   12.95      1
     1.0   25.94     -1
     2.0   21.47      1
     2.0   42.96     -1
     3.0   29.61      1
     3.0   59.41     -1
     4.0   37.89      1
     4.0   72.27     -1
     5.0   34.92      1
     5.0   73.52     -1
     6.0   28.38      1
     6.0   58.91     -1
     7.0   20.72      1
     7.0   37.28     -1
     8.0   8.665      1
     8.0   20.20     -1
     9.0   5.857      1
     9.0   10.18     -1
    10.0   2.105      1
    10.0   4.971     -1
    11.0   1.377      1
    11.0   2.387     -1
    12.0  0.4791      1
    12.0   1.133     -1
    13.0  0.3078      1
    13.0  0.5331     -1
    14.0  0.1051      1
