     0.0   1.728      1
     1.0   5.182     -1
     2.0   8.631      1
     3.0   12.07     -1
     4.0   15.50      1
     5.0   18.91     -1
     6.0   22.30      1
     7.0   25.67     -1
     8.0   29.00      1
     9.0   32.29     -1
    10.0   35.53      1
    11.0   38.69     -1
    12.0   41.73      1
    13.0   44.58     -1
    14.0   47.06      1
    15.0   48.74     -1
    16.0   48.90      1
    17.0   46.88     -1
    18.0   42.60      1
    19.0   36.74     -1
    20.0   30.27      1
    21.0   24.08     -1
    22.0   18.65      1
    23.0   14.17     -1
    24.0   10.62      1
    25.0   7.880     -1
    26.0   5.806      1
    27.0   4.255     -1
    28.0   3.105      1
    29.0   2.259     -1
    30.0   1.639      1
    31.0   1.187     -1
    32.0  0.8576      1
    33.0  0.6187     -1
    34.0  0.4457      1
    35.0  0.3207     -1
    36.0  0.2304      1
    37.0  0.1654     -1
    38.0  0.1186      1
    39.0  0.8495E-01 -1
    40.0  0.6080E-01  1
    41.0  0.4347E-01 -1
