     0.5   12.24      1
     0.5   24.91     -1
     1.5   24.14      1
     1.5   49.11     -1
     2.5   36.00      1
     2.5   72.74     -1
     3.5   48.12      1
     3.5   96.15     -1
     4.5   64.21      1
     4.5   106.5     -1
     5.5   24.97      1
     5.5   80.98     -1
     6.5   31.19      1
     6.5   42.42     -1
     7.5   4.348      1
     7.5   17.64     -1
     8.5   4.973      1
     8.5   6.543     -1
     9.5  0.5515      1
     9.5   2.309     -1
    10.5  0.6084      1
    10.5  0.8007     -1
    11.5  0.6726E-01  1
    11.5  0.2773     -1
    12.5  0.7289E-01  1
