     0.0  0.8024      1
     0.0   1.611     -1
     1.0   7.236      1
     1.0   14.47     -1
     2.0   15.89      1
     2.0   31.85     -1
     3.0   21.86      1
     3.0   43.54     -1
     4.0   26.80      1
     4.0   53.96     -1
     5.0   31.63      1
     5.0   62.33     -1
     6.0   33.00      1
     6.0   67.20     -1
     7.0   33.80      1
     7.0   66.69     -1
     8.0   29.84      1
     8.0   59.88     -1
     9.0   23.36      1
     9.0   47.75     -1
    10.0   17.65      1
    10.0   33.40     -1
    11.0   9.408      1
    11.0   20.65     -1
    12.0   6.450      1
    12.0   11.60     -1
    13.0   2.677      1
    13.0   6.121     -1
    14.0   1.762      1
    14.0   3.114     -1
    15.0  0.6738      1
    15.0   1.556     -1
