     0.5   3.029      1
     0.5   6.034     -1
     1.5   5.896      1
     1.5   11.89     -1
     2.5   8.801      1
     2.5   17.36     -1
     3.5   10.81      1
     3.5   22.15     -1
     4.5   13.48      1
     4.5   25.88     -1
     5.5   13.10      1
     5.5   28.14     -1
     6.5   15.73      1
     6.5   28.50     -1
     7.5   11.47      1
     7.5   26.70     -1
     8.5   13.53      1
     8.5   23.05     -1
     9.5   7.356      1
     9.5   18.39     -1
    10.5   8.361      1
    10.5   13.71     -1
    11.5   3.714      1
    11.5   9.688     -1
    12.5   4.086      1
    12.5   6.579     -1
    13.5   1.633      1
    13.5   4.343     -1
    14.5   1.760      1
    14.5   2.811     -1
    15.5  0.6694      1
    15.5   1.795     -1
    16.5  0.7127      1
    16.5   1.135     -1
    17.5  0.2647      1
    17.5  0.7125     -1
    18.5  0.2796      1
    18.5  0.4447     -1
    19.5  0.1025      1
    19.5  0.2764     -1
    20.5  0.1077      1
    20.5  0.1711     -1
    21.5  0.3911E-01  1
    21.5  0.1056     -1
