     0.5   4.734      1
     0.5   9.429     -1
     1.5   9.179      1
     1.5   18.52     -1
     2.5   13.64      1
     2.5   26.80     -1
     3.5   16.14      1
     3.5   33.56     -1
     4.5   20.43      1
     4.5   38.05     -1
     5.5   17.26      1
     5.5   39.34     -1
     6.5   21.49      1
     6.5   36.54     -1
     7.5   11.67      1
     7.5   30.07     -1
     8.5   13.86      1
     8.5   22.00     -1
     9.5   5.222      1
     9.5   14.61     -1
    10.5   5.881      1
    10.5   9.046     -1
    11.5   1.850      1
    11.5   5.350     -1
    12.5   2.019      1
    12.5   3.076     -1
    13.5  0.5958      1
    13.5   1.739     -1
    14.5  0.6397      1
    14.5  0.9728     -1
    15.5  0.1852      1
    15.5  0.5409     -1
    16.5  0.1969      1
    16.5  0.2995     -1
    17.5  0.5663E-01  1
    17.5  0.1653     -1
    18.5  0.5978E-01  1
