     0.0   1.839      1
     1.0   5.515     -1
     2.0   9.185      1
     3.0   12.85     -1
     4.0   16.50      1
     5.0   20.13     -1
     6.0   23.74      1
     7.0   27.32     -1
     8.0   30.87      1
     9.0   34.37     -1
    10.0   37.82      1
    11.0   41.18     -1
    12.0   44.41      1
    13.0   47.41     -1
    14.0   49.91      1
    15.0   51.30     -1
    16.0   50.66      1
    17.0   47.42     -1
    18.0   41.87      1
    19.0   35.05     -1
    20.0   28.10      1
    21.0   21.81     -1
    22.0   16.54      1
    23.0   12.34     -1
    24.0   9.101      1
    25.0   6.656     -1
    26.0   4.839      1
    27.0   3.501     -1
    28.0   2.525      1
    29.0   1.815     -1
    30.0   1.302      1
    31.0  0.9323     -1
    32.0  0.6663      1
    33.0  0.4754     -1
    34.0  0.3388      1
    35.0  0.2411     -1
    36.0  0.1714      1
    37.0  0.1217     -1
    38.0  0.8632E-01  1
    39.0  0.6117E-01 -1
    40.0  0.4331E-01  1
