     0.5   7.135      1
     0.5   14.21     -1
     1.5   13.87      1
     1.5   27.90     -1
     2.5   20.50      1
     2.5   40.10     -1
     3.5   23.79      1
     3.5   49.91     -1
     4.5   30.80      1
     4.5   56.17     -1
     5.5   22.61      1
     5.5   55.39     -1
     6.5   28.67      1
     6.5   45.18     -1
     7.5   10.16      1
     7.5   30.29     -1
     8.5   11.90      1
     8.5   17.44     -1
     9.5   2.812      1
     9.5   9.111     -1
    10.5   3.130      1
    10.5   4.503     -1
    11.5  0.6585      1
    11.5   2.165     -1
    12.5  0.7153      1
    12.5   1.029     -1
    13.5  0.1488      1
    13.5  0.4866     -1
    14.5  0.1595      1
    14.5  0.2301     -1
    15.5  0.3353E-01  1
    15.5  0.1089     -1
