     0.0  0.2696      1
     0.0  0.5409     -1
     1.0   2.433      1
     1.0   4.861     -1
     2.0   5.365      1
     2.0   10.74     -1
     3.0   7.430      1
     3.0   14.84     -1
     4.0   9.353      1
     4.0   18.73     -1
     5.0   11.18      1
     5.0   22.31     -1
     6.0   12.67      1
     6.0   25.43     -1
     7.0   14.04      1
     7.0   27.94     -1
     8.0   14.73      1
     8.0   29.64     -1
     9.0   15.27      1
     9.0   30.33     -1
    10.0   14.82      1
    10.0   29.81     -1
    11.0   14.06      1
    11.0   28.05     -1
    12.0   12.62      1
    12.0   25.18     -1
    13.0   10.66      1
    13.0   21.53     -1
    14.0   8.925      1
    14.0   17.56     -1
    15.0   6.699      1
    15.0   13.72     -1
    16.0   5.323      1
    16.0   10.34     -1
    17.0   3.655      1
    17.0   7.569     -1
    18.0   2.810      1
    18.0   5.416     -1
    19.0   1.829      1
    19.0   3.810     -1
    20.0   1.379      1
    20.0   2.647     -1
    21.0  0.8717      1
    21.0   1.822     -1
    22.0  0.6502      1
    22.0   1.245     -1
