     0.0   3.653      1
     0.0   7.355     -1
     1.0   21.85      1
     1.0   44.02     -1
     2.0   36.14      1
     2.0   73.43     -1
     3.0   47.70      1
     3.0   100.3     -1
     4.0   59.91      1
     4.0   108.8     -1
     5.0   45.19      1
     5.0   83.94     -1
     6.0   17.78      1
     6.0   44.78     -1
     7.0   11.80      1
     7.0   19.18     -1
     8.0   2.972      1
     8.0   7.725     -1
     9.0   1.877      1
     9.0   3.055     -1
    10.0  0.4609      1
    10.0   1.194     -1
    11.0  0.2840      1
    11.0  0.4623     -1
