     0.5   8.876      1
     0.5   17.75     -1
     1.5   17.64      1
     1.5   35.39     -1
     2.5   26.46      1
     2.5   52.69     -1
     3.5   34.94      1
     3.5   69.91     -1
     4.5   43.67      1
     4.5   80.74     -1
     5.5   27.85      1
     5.5   72.33     -1
     6.5   32.49      1
     6.5   48.85     -1
     7.5   8.579      1
     7.5   27.28     -1
     8.5   9.652      1
     8.5   13.94     -1
     9.5   2.090      1
     9.5   6.851     -1
    10.5   2.299      1
    10.5   3.302     -1
    11.5  0.4768      1
    11.5   1.572     -1
    12.5  0.5166      1
    12.5  0.7410     -1
    13.5  0.1048      1
    13.5  0.3464     -1
    14.5  0.1122      1
    14.5  0.1608     -1
    15.5  0.2238E-01  1
    15.5  0.7418E-01 -1
