     0.5   2.109      1
     0.5   4.203     -1
     1.5   4.125      1
     1.5   8.307     -1
     2.5   6.170      1
     2.5   12.21     -1
     3.5   7.748      1
     3.5   15.76     -1
     4.5   9.647      1
     4.5   18.80     -1
     5.5   10.13      1
     5.5   21.12     -1
     6.5   11.91      1
     6.5   22.47     -1
     7.5   10.34      1
     7.5   22.62     -1
     8.5   11.95      1
     8.5   21.47     -1
     9.5   8.230      1
     9.5   19.14     -1
    10.5   9.325      1
    10.5   16.04     -1
    11.5   5.221      1
    11.5   12.74     -1
    12.5   5.765      1
    12.5   9.663     -1
    13.5   2.821      1
    13.5   7.077     -1
    14.5   3.051      1
    14.5   5.047     -1
    15.5   1.388      1
    15.5   3.530     -1
    16.5   1.481      1
    16.5   2.434     -1
    17.5  0.6488      1
    17.5   1.661     -1
    18.5  0.6859      1
    18.5   1.124     -1
    19.5  0.2944      1
    19.5  0.7562     -1
    20.5  0.3093      1
    20.5  0.5061     -1
    21.5  0.1311      1
    21.5  0.3373     -1
    22.5  0.1371      1
    22.5  0.2241     -1
    23.5  0.5757E-01  1
    23.5  0.1484     -1
