     0.0   4.206      1
     0.0   8.473     -1
     1.0   25.15      1
     1.0   50.72     -1
     2.0   41.55      1
     2.0   84.82     -1
     3.0   52.79      1
     3.0   114.3     -1
     4.0   64.04      1
     4.0   117.3     -1
     5.0   46.70      1
     5.0   81.61     -1
     6.0   14.30      1
     6.0   38.08     -1
     7.0   9.316      1
     7.0   14.81     -1
     8.0   2.067      1
     8.0   5.547     -1
     9.0   1.286      1
     9.0   2.053     -1
    10.0  0.2811      1
    10.0  0.7521     -1
    11.0  0.1708      1
    11.0  0.2727     -1
