     0.0   2.941      1
     0.0   5.909     -1
     1.0   17.60      1
     1.0   35.37     -1
     2.0   29.16      1
     2.0   58.78     -1
     3.0   39.76      1
     3.0   81.10     -1
     4.0   50.98      1
     4.0   93.81     -1
     5.0   41.38      1
     5.0   83.14     -1
     6.0   23.33      1
     6.0   53.72     -1
     7.0   16.03      1
     7.0   27.08     -1
     8.0   4.944      1
     8.0   12.27     -1
     9.0   3.203      1
     9.0   5.362     -1
    10.0  0.9283      1
    10.0   2.305     -1
    11.0  0.5855      1
    11.0  0.9800     -1
    12.0  0.1660      1
