     0.0   4.943      1
     0.0   9.954     -1
     1.0   29.57      1
     1.0   59.61     -1
     2.0   48.75      1
     2.0   99.91     -1
     3.0   58.18      1
     3.0   131.6     -1
     4.0   65.69      1
     4.0   124.7     -1
     5.0   46.55      1
     5.0   75.89     -1
     6.0   10.70      1
     6.0   30.25     -1
     7.0   6.839      1
     7.0   10.61     -1
     8.0   1.310      1
     8.0   3.660     -1
     9.0  0.8027      1
     9.0   1.252     -1
    10.0  0.1522      1
