     0.5   3.562      1
     0.5   7.095     -1
     1.5   6.922      1
     1.5   13.96     -1
     2.5   10.32      1
     2.5   20.32     -1
     3.5   12.52      1
     3.5   25.76     -1
     4.5   15.66      1
     4.5   29.77     -1
     5.5   14.52      1
     5.5   31.80     -1
     6.5   17.67      1
     6.5   31.31     -1
     7.5   11.69      1
     7.5   28.15     -1
     8.5   13.87      1
     8.5   23.05     -1
     9.5   6.683      1
     9.5   17.33     -1
    10.5   7.581      1
    10.5   12.16     -1
    11.5   3.001      1
    11.5   8.098     -1
    12.5   3.292      1
    12.5   5.201     -1
    13.5   1.189      1
    13.5   3.259     -1
    14.5   1.279      1
    14.5   2.009     -1
    15.5  0.4441      1
    15.5   1.225     -1
    16.5  0.4725      1
    16.5  0.7408     -1
    17.5  0.1612      1
    17.5  0.4455     -1
    18.5  0.1702      1
    18.5  0.2667     -1
    19.5  0.5750E-01  1
    19.5  0.1591     -1
