     0.0  0.2217      1
     0.0  0.4447     -1
     1.0   2.001      1
     1.0   3.998     -1
     2.0   4.416      1
     2.0   8.839     -1
     3.0   6.124      1
     3.0   12.24     -1
     4.0   7.735      1
     4.0   15.49     -1
     5.0   9.277      1
     5.0   18.52     -1
     6.0   10.61      1
     6.0   21.27     -1
     7.0   11.84      1
     7.0   23.61     -1
     8.0   12.66      1
     8.0   25.43     -1
     9.0   13.36      1
     9.0   26.58     -1
    10.0   13.38      1
    10.0   26.91     -1
    11.0   13.21      1
    11.0   26.30     -1
    12.0   12.34      1
    12.0   24.73     -1
    13.0   11.12      1
    13.0   22.29     -1
    14.0   9.701      1
    14.0   19.26     -1
    15.0   7.874      1
    15.0   15.96     -1
    16.0   6.492      1
    16.0   12.74     -1
    17.0   4.805      1
    17.0   9.848     -1
    18.0   3.812      1
    18.0   7.415     -1
    19.0   2.649      1
    19.0   5.470     -1
    20.0   2.053      1
    20.0   3.972     -1
    21.0   1.375      1
    21.0   2.851     -1
    22.0   1.051      1
    22.0   2.028     -1
    23.0  0.6897      1
    23.0   1.433     -1
    24.0  0.5226      1
    24.0   1.007     -1
