     0.0  0.2301      1
     0.0  0.4615     -1
     1.0   2.077      1
     1.0   4.149     -1
     2.0   4.582      1
     2.0   9.172     -1
     3.0   6.353      1
     3.0   12.69     -1
     4.0   8.019      1
     4.0   16.06     -1
     5.0   9.612      1
     5.0   19.19     -1
     6.0   10.98      1
     6.0   22.01     -1
     7.0   12.24      1
     7.0   24.39     -1
     8.0   13.04      1
     8.0   26.20     -1
     9.0   13.72      1
     9.0   27.29     -1
    10.0   13.66      1
    10.0   27.49     -1
    11.0   13.41      1
    11.0   26.69     -1
    12.0   12.43      1
    12.0   24.89     -1
    13.0   11.08      1
    13.0   22.23     -1
    14.0   9.587      1
    14.0   19.00     -1
    15.0   7.672      1
    15.0   15.58     -1
    16.0   6.282      1
    16.0   12.31     -1
    17.0   4.586      1
    17.0   9.415     -1
    18.0   3.616      1
    18.0   7.022     -1
    19.0   2.483      1
    19.0   5.134     -1
    20.0   1.914      1
    20.0   3.698     -1
    21.0   1.269      1
    21.0   2.634     -1
    22.0  0.9650      1
    22.0   1.860     -1
    23.0  0.6272      1
    23.0   1.305     -1
