     0.0   2.704      1
     0.0   5.428     -1
     1.0   16.18      1
     1.0   32.50     -1
     2.0   26.82      1
     2.0   53.94     -1
     3.0   36.77      1
     3.0   74.53     -1
     4.0   47.22      1
     4.0   87.65     -1
     5.0   39.55      1
     5.0   80.98     -1
     6.0   24.91      1
     6.0   55.63     -1
     7.0   17.36      1
     7.0   29.79     -1
     8.0   5.789      1
     8.0   14.12     -1
     9.0   3.791      1
     9.0   6.411     -1
    10.0   1.167      1
    10.0   2.855     -1
    11.0  0.7431      1
    11.0   1.256     -1
    12.0  0.2235      1
    12.0  0.5474     -1
    13.0  0.1400      1
    13.0  0.2365     -1
