     0.5   3.892      1
     0.5   7.752     -1
     1.5   7.556      1
     1.5   15.25     -1
     2.5   11.25      1
     2.5   22.15     -1
     3.5   13.55      1
     3.5   27.97     -1
     4.5   17.00      1
     4.5   32.12     -1
     5.5   15.32      1
     5.5   33.97     -1
     6.5   18.79      1
     6.5   32.88     -1
     7.5   11.74      1
     7.5   28.83     -1
     8.5   13.95      1
     8.5   22.87     -1
     9.5   6.261      1
     9.5   16.60     -1
    10.5   7.089      1
    10.5   11.23     -1
    11.5   2.624      1
    11.5   7.223     -1
    12.5   2.874      1
    12.5   4.490     -1
    13.5  0.9777      1
    13.5   2.730     -1
    14.5   1.051      1
    14.5   1.635     -1
    15.5  0.3461      1
    15.5  0.9704     -1
    16.5  0.3681      1
    16.5  0.5719     -1
    17.5  0.1195      1
    17.5  0.3354     -1
    18.5  0.1261      1
    18.5  0.1959     -1
    19.5  0.4060E-01  1
    19.5  0.1140     -1
