     0.0   2.278      1
     0.0   4.566     -1
     1.0   13.64      1
     1.0   27.33     -1
     2.0   22.61      1
     2.0   45.29     -1
     3.0   31.17      1
     3.0   62.64     -1
     4.0   39.95      1
     4.0   75.74     -1
     5.0   36.02      1
     5.0   75.60     -1
     6.0   27.86      1
     6.0   58.66     -1
     7.0   20.10      1
     7.0   35.77     -1
     8.0   7.973      1
     8.0   18.78     -1
     9.0   5.347      1
     9.0   9.236     -1
    10.0   1.855      1
    10.0   4.415     -1
    11.0   1.206      1
    11.0   2.078     -1
    12.0  0.4061      1
    12.0  0.9678     -1
    13.0  0.2594      1
    13.0  0.4467     -1
