     0.0   11.83      1
     1.0   35.54     -1
     2.0   59.12      1
     3.0   82.94     -1
     4.0   106.4      1
     5.0   130.3     -1
     6.0   154.0      1
     7.0   173.2     -1
     8.0   183.0      1
     9.0   105.8     -1
    10.0   44.90      1
    11.0   19.04     -1
    12.0   8.242      1
    13.0   3.602     -1
    14.0   1.577      1
    15.0  0.6897     -1
    16.0  0.3008      1
    17.0  0.1308     -1
    18.0  0.5668E-01  1
    19.0  0.2448E-01 -1
    20.0  0.1054E-01  1
