     0.0   1.417      1
     0.0   2.814     -1
     1.0   12.68      1
     1.0   25.27     -1
     2.0   27.92      1
     2.0   55.86     -1
     3.0   38.47      1
     3.0   77.76     -1
     4.0   47.85      1
     4.0   98.85     -1
     5.0   58.32      1
     5.0   113.8     -1
     6.0   56.02      1
     6.0   114.6     -1
     7.0   50.50      1
     7.0   98.91     -1
     8.0   37.05      1
     8.0   69.78     -1
     9.0   16.27      1
     9.0   38.45     -1
    10.0   10.45      1
    10.0   17.31     -1
    11.0   2.659      1
    11.0   6.926     -1
    12.0   1.625      1
    12.0   2.619     -1
