     0.5   17.94      1
     0.5   37.74     -1
     1.5   35.71      1
     1.5   75.18     -1
     2.5   52.43      1
     2.5   118.3     -1
     3.5   72.35      1
     3.5   157.3     -1
     4.5   100.9      1
     4.5   142.1     -1
     5.5   15.31      1
     5.5   69.32     -1
     6.5   18.64      1
     6.5   23.29     -1
     7.5   1.296      1
     7.5   6.708     -1
     8.5   1.469      1
     8.5   1.818     -1
     9.5  0.9304E-01  1
     9.5  0.4819     -1
    10.5  0.1024      1
    10.5  0.1274     -1
