     0.0   2.451      1
     0.0   4.915     -1
     1.0   14.67      1
     1.0   29.42     -1
     2.0   24.32      1
     2.0   48.78     -1
     3.0   33.48      1
     3.0   67.46     -1
     4.0   42.97      1
     4.0   80.76     -1
     5.0   37.56      1
     5.0   78.26     -1
     6.0   26.87      1
     6.0   57.87     -1
     7.0   19.09      1
     7.0   33.45     -1
     8.0   7.036      1
     8.0   16.82     -1
     9.0   4.670      1
     9.0   7.995     -1
    10.0   1.541      1
    10.0   3.710     -1
    11.0  0.9928      1
    11.0   1.698     -1
    12.0  0.3190      1
    12.0  0.7688     -1
    13.0  0.2020      1
    13.0  0.3452     -1
