     0.0  0.5549      1
     0.0   1.114     -1
     1.0   5.008      1
     1.0   10.00     -1
     2.0   11.01      1
     2.0   22.04     -1
     3.0   15.15      1
     3.0   30.22     -1
     4.0   18.69      1
     4.0   37.58     -1
     5.0   22.02      1
     5.0   43.66     -1
     6.0   23.64      1
     6.0   47.87     -1
     7.0   25.04      1
     7.0   49.46     -1
     8.0   23.72      1
     8.0   47.81     -1
     9.0   21.37      1
     9.0   42.83     -1
    10.0   17.93      1
    10.0   35.26     -1
    11.0   12.83      1
    11.0   26.60     -1
    12.0   9.734      1
    12.0   18.49     -1
    13.0   5.606      1
    13.0   12.02     -1
    14.0   3.998      1
    14.0   7.426     -1
    15.0   2.034      1
    15.0   4.436     -1
    16.0   1.409      1
    16.0   2.594     -1
    17.0  0.6830      1
    17.0   1.498     -1
