     0.0   2.320      1
     0.0   4.651     -1
     1.0   13.89      1
     1.0   27.85     -1
     2.0   23.03      1
     2.0   46.15     -1
     3.0   31.74      1
     3.0   63.82     -1
     4.0   40.69      1
     4.0   76.94     -1
     5.0   36.34      1
     5.0   76.13     -1
     6.0   27.47      1
     6.0   58.22     -1
     7.0   19.73      1
     7.0   34.94     -1
     8.0   7.657      1
     8.0   18.11     -1
     9.0   5.121      1
     9.0   8.823     -1
    10.0   1.753      1
    10.0   4.185     -1
    11.0   1.137      1
    11.0   1.956     -1
    12.0  0.3785      1
    12.0  0.9046     -1
    13.0  0.2413      1
    13.0  0.4147     -1
