     0.0  0.1960      1
     0.0  0.3931     -1
     1.0   1.769      1
     1.0   3.534     -1
     2.0   3.906      1
     2.0   7.818     -1
     3.0   5.422      1
     3.0   10.83     -1
     4.0   6.860      1
     4.0   13.73     -1
     5.0   8.244      1
     5.0   16.47     -1
     6.0   9.470      1
     6.0   18.97     -1
     7.0   10.61      1
     7.0   21.18     -1
     8.0   11.45      1
     8.0   22.98     -1
     9.0   12.19      1
     9.0   24.28     -1
    10.0   12.41      1
    10.0   24.95     -1
    11.0   12.50      1
    11.0   24.87     -1
    12.0   11.94      1
    12.0   23.96     -1
    13.0   11.13      1
    13.0   22.24     -1
    14.0   9.958      1
    14.0   19.85     -1
    15.0   8.448      1
    15.0   17.03     -1
    16.0   7.132      1
    16.0   14.08     -1
    17.0   5.521      1
    17.0   11.25     -1
    18.0   4.468      1
    18.0   8.738     -1
    19.0   3.231      1
    19.0   6.635     -1
    20.0   2.546      1
    20.0   4.950     -1
    21.0   1.765      1
    21.0   3.643     -1
    22.0   1.369      1
    22.0   2.653     -1
    23.0  0.9271      1
    23.0   1.918     -1
    24.0  0.7122      1
    24.0   1.378     -1
    25.0  0.4757      1
    25.0  0.9852     -1
