     0.0   2.648      1
     0.0   5.316     -1
     1.0   15.85      1
     1.0   31.82     -1
     2.0   26.28      1
     2.0   52.81     -1
     3.0   36.07      1
     3.0   72.98     -1
     4.0   46.33      1
     4.0   86.25     -1
     5.0   39.20      1
     5.0   80.68     -1
     6.0   25.52      1
     6.0   56.48     -1
     7.0   17.87      1
     7.0   30.81     -1
     8.0   6.097      1
     8.0   14.81     -1
     9.0   4.004      1
     9.0   6.791     -1
    10.0   1.251      1
    10.0   3.051     -1
    11.0  0.7988      1
    11.0   1.354     -1
    12.0  0.2437      1
    12.0  0.5948     -1
    13.0  0.1530      1
    13.0  0.2591     -1
