     0.0   2.563      1
     1.0   7.686     -1
     2.0   12.80      1
     3.0   17.91     -1
     4.0   23.00      1
     5.0   28.07     -1
     6.0   33.11      1
     7.0   38.13     -1
     8.0   43.10      1
     9.0   48.02     -1
    10.0   52.85      1
    11.0   57.55     -1
    12.0   61.97      1
    13.0   65.18     -1
    14.0   65.00      1
    15.0   59.72     -1
    16.0   50.26      1
    17.0   39.34     -1
    18.0   29.26      1
    19.0   21.06     -1
    20.0   14.84      1
    21.0   10.32     -1
    22.0   7.113      1
    23.0   4.872     -1
    24.0   3.322      1
    25.0   2.257     -1
    26.0   1.529      1
    27.0   1.034     -1
    28.0  0.6974      1
    29.0  0.4696     -1
    30.0  0.3157      1
    31.0  0.2119     -1
    32.0  0.1420      1
    33.0  0.9504E-01 -1
    34.0  0.6354E-01  1
    35.0  0.4243E-01 -1
