     0.5   23.67      1
     0.5   47.77     -1
     1.5   46.47      1
     1.5   94.68     -1
     2.5   69.71      1
     2.5   146.5     -1
     3.5   60.67      1
     3.5   163.0     -1
     4.5   75.84      1
     4.5   98.55     -1
     5.5   7.455      1
     5.5   34.71     -1
     6.5   8.697      1
     6.5   11.11     -1
     7.5  0.7739      1
     7.5   3.534     -1
     8.5  0.8707      1
     8.5   1.115     -1
     9.5  0.7620E-01  1
     9.5  0.3479     -1
    10.5  0.8382E-01  1
