     0.5   4.323      1
     0.5   8.662     -1
     1.5   12.94      1
     1.5   25.83     -1
     2.5   18.97      1
     2.5   38.15     -1
     3.5   24.96      1
     3.5   48.80     -1
     4.5   26.92      1
     4.5   55.25     -1
     5.5   27.80      1
     5.5   54.63     -1
     6.5   21.83      1
     6.5   45.85     -1
     7.5   17.75      1
     7.5   32.24     -1
     8.5   8.478      1
     8.5   19.61     -1
     9.5   6.285      1
     9.5   10.93     -1
    10.5   2.467      1
    10.5   5.839     -1
    11.5   1.764      1
    11.5   3.049     -1
    12.5  0.6612      1
    12.5   1.570     -1
    13.5  0.4639      1
