     0.5   27.40      1
     0.5   55.26     -1
     1.5   53.67      1
     1.5   109.4     -1
     2.5   80.51      1
     2.5   169.2     -1
     3.5   55.34      1
     3.5   173.6     -1
     4.5   69.18      1
     4.5   86.86     -1
     5.5   5.310      1
     5.5   26.53     -1
     6.5   6.195      1
     6.5   7.784     -1
     7.5  0.4704      1
     7.5   2.287     -1
     8.5  0.5292      1
     8.5  0.6663     -1
     9.5  0.3941E-01  1
     9.5  0.1918     -1
    10.5  0.4335E-01  1
