     0.5   3.985      1
     0.5   7.981     -1
     1.5   11.93      1
     1.5   23.80     -1
     2.5   17.49      1
     2.5   35.15     -1
     3.5   23.01      1
     3.5   45.14     -1
     4.5   25.18      1
     4.5   51.68     -1
     5.5   26.58      1
     5.5   52.19     -1
     6.5   21.76      1
     6.5   45.33     -1
     7.5   18.11      1
     7.5   33.32     -1
     8.5   9.294      1
     8.5   21.19     -1
     9.5   6.996      1
     9.5   12.28     -1
    10.5   2.888      1
    10.5   6.768     -1
    11.5   2.089      1
    11.5   3.636     -1
    12.5  0.8172      1
    12.5   1.924     -1
    13.5  0.5798      1
