     0.0   2.279      1
     0.0   4.568     -1
     1.0   13.64      1
     1.0   27.35     -1
     2.0   22.62      1
     2.0   45.32     -1
     3.0   31.19      1
     3.0   62.67     -1
     4.0   39.97      1
     4.0   75.73     -1
     5.0   35.97      1
     5.0   75.46     -1
     6.0   27.69      1
     6.0   58.38     -1
     7.0   19.96      1
     7.0   35.49     -1
     8.0   7.889      1
     8.0   18.59     -1
     9.0   5.290      1
     9.0   9.134     -1
    10.0   1.833      1
    10.0   4.364     -1
    11.0   1.192      1
    11.0   2.054     -1
    12.0  0.4012      1
    12.0  0.9562     -1
    13.0  0.2562      1
    13.0  0.4413     -1
