     0.5   5.284      1
     0.5   10.52     -1
     1.5   10.24      1
     1.5   20.66     -1
     2.5   15.19      1
     2.5   29.83     -1
     3.5   17.81      1
     3.5   37.20     -1
     4.5   22.69      1
     4.5   41.94     -1
     5.5   18.50      1
     5.5   42.85     -1
     6.5   23.20      1
     6.5   38.78     -1
     7.5   11.49      1
     7.5   30.57     -1
     8.5   13.62      1
     8.5   21.19     -1
     9.5   4.590      1
     9.5   13.29     -1
    10.5   5.152      1
    10.5   7.789     -1
    11.5   1.466      1
    11.5   4.375     -1
    12.5   1.598      1
    12.5   2.398     -1
    13.5  0.4324      1
    13.5   1.297     -1
    14.5  0.4640      1
    14.5  0.6961     -1
    15.5  0.1242      1
    15.5  0.3720     -1
    16.5  0.1320      1
    16.5  0.1982     -1
    17.5  0.3524E-01  1
    17.5  0.1054     -1
