     0.0   2.164      1
     0.0   4.335     -1
     1.0   12.95      1
     1.0   25.95     -1
     2.0   21.48      1
     2.0   42.99     -1
     3.0   29.62      1
     3.0   59.45     -1
     4.0   37.91      1
     4.0   72.27     -1
     5.0   34.88      1
     5.0   73.41     -1
     6.0   28.23      1
     6.0   58.66     -1
     7.0   20.59      1
     7.0   37.02     -1
     8.0   8.580      1
     8.0   20.01     -1
     9.0   5.798      1
     9.0   10.07     -1
    10.0   2.081      1
    10.0   4.916     -1
    11.0   1.361      1
    11.0   2.360     -1
    12.0  0.4735      1
    12.0   1.120     -1
    13.0  0.3043      1
    13.0  0.5269     -1
    14.0  0.1039      1
