     0.0   2.879      1
     0.0   5.784     -1
     1.0   17.23      1
     1.0   34.63     -1
     2.0   28.55      1
     2.0   57.52     -1
     3.0   38.98      1
     3.0   79.39     -1
     4.0   50.00      1
     4.0   92.16     -1
     5.0   40.84      1
     5.0   82.40     -1
     6.0   23.58      1
     6.0   53.94     -1
     7.0   16.25      1
     7.0   27.54     -1
     8.0   5.100      1
     8.0   12.61     -1
     9.0   3.313      1
     9.0   5.560     -1
    10.0  0.9748      1
    10.0   2.412     -1
    11.0  0.6163      1
    11.0   1.034     -1
    12.0  0.1774      1
