     0.0   4.581      1
     1.0   13.74     -1
     2.0   22.89      1
     3.0   32.04     -1
     4.0   41.16      1
     5.0   50.27     -1
     6.0   59.34      1
     7.0   68.45     -1
     8.0   77.47      1
     9.0   86.45     -1
    10.0   96.14      1
    11.0   100.9     -1
    12.0   89.46      1
    13.0   65.96     -1
    14.0   43.48      1
    15.0   27.21     -1
    16.0   16.64      1
    17.0   10.07     -1
    18.0   6.058      1
    19.0   3.628     -1
    20.0   2.166      1
    21.0   1.289     -1
    22.0  0.7653      1
    23.0  0.4532     -1
    24.0  0.2678      1
    25.0  0.1579     -1
    26.0  0.9288E-01  1
    27.0  0.5455E-01 -1
    28.0  0.3199E-01  1
