     0.0   1.962      1
     0.0   3.926     -1
     1.0   11.74      1
     1.0   23.51     -1
     2.0   19.47      1
     2.0   38.91     -1
     3.0   26.85      1
     3.0   53.79     -1
     4.0   34.27      1
     4.0   66.02     -1
     5.0   32.87      1
     5.0   69.31     -1
     6.0   28.95      1
     6.0   58.72     -1
     7.0   21.63      1
     7.0   39.75     -1
     8.0   10.00      1
     8.0   22.85     -1
     9.0   6.864      1
     9.0   12.07     -1
    10.0   2.635      1
    10.0   6.135     -1
    11.0   1.745      1
    11.0   3.056     -1
    12.0  0.6441      1
    12.0   1.503     -1
    13.0  0.4187      1
    13.0  0.7323     -1
    14.0  0.1515      1
