     0.0  0.2535      1
     0.0  0.5086     -1
     1.0   2.288      1
     1.0   4.572     -1
     2.0   5.047      1
     2.0   10.10     -1
     3.0   6.993      1
     3.0   13.97     -1
     4.0   8.812      1
     4.0   17.65     -1
     5.0   10.54      1
     5.0   21.05     -1
     6.0   11.99      1
     6.0   24.05     -1
     7.0   13.32      1
     7.0   26.52     -1
     8.0   14.06      1
     8.0   28.28     -1
     9.0   14.67      1
     9.0   29.15     -1
    10.0   14.39      1
    10.0   28.94     -1
    11.0   13.84      1
    11.0   27.59     -1
    12.0   12.58      1
    12.0   25.15     -1
    13.0   10.86      1
    13.0   21.88     -1
    14.0   9.215      1
    14.0   18.18     -1
    15.0   7.095      1
    15.0   14.48     -1
    16.0   5.704      1
    16.0   11.12     -1
    17.0   4.012      1
    17.0   8.280     -1
    18.0   3.115      1
    18.0   6.022     -1
    19.0   2.070      1
    19.0   4.301     -1
    20.0   1.575      1
    20.0   3.031     -1
    21.0   1.014      1
    21.0   2.114     -1
    22.0  0.7624      1
    22.0   1.464     -1
    23.0  0.4826      1
    23.0   1.008     -1
