     0.5   7.405      1
     0.5   14.89     -1
     1.5   22.15      1
     1.5   44.52     -1
     2.5   31.77      1
     2.5   65.27     -1
     3.5   41.36      1
     3.5   79.32     -1
     4.5   40.10      1
     4.5   80.06     -1
     5.5   33.97      1
     5.5   64.39     -1
     6.5   16.59      1
     6.5   39.64     -1
     7.5   11.88      1
     7.5   19.69     -1
     8.5   3.497      1
     8.5   8.911     -1
     9.5   2.374      1
     9.5   3.904     -1
    10.5  0.6606      1
    10.5   1.685     -1
    11.5  0.4376      1
