     0.0  0.3840      1
     0.0  0.7708     -1
     1.0   3.467      1
     1.0   6.925     -1
     2.0   7.630      1
     2.0   15.28     -1
     3.0   10.53      1
     3.0   21.04     -1
     4.0   13.15      1
     4.0   26.38     -1
     5.0   15.61      1
     5.0   31.07     -1
     6.0   17.28      1
     6.0   34.82     -1
     7.0   18.81      1
     7.0   37.26     -1
     8.0   18.84      1
     8.0   38.03     -1
     9.0   18.54      1
     9.0   36.84     -1
    10.0   16.85      1
    10.0   33.68     -1
    11.0   14.33      1
    11.0   28.94     -1
    12.0   11.91      1
    12.0   23.35     -1
    13.0   8.605      1
    13.0   17.76     -1
    14.0   6.676      1
    14.0   12.84     -1
    15.0   4.241      1
    15.0   8.904     -1
    16.0   3.151      1
    16.0   5.987     -1
    17.0   1.858      1
    17.0   3.938     -1
    18.0   1.350      1
    18.0   2.550     -1
    19.0  0.7677      1
    19.0   1.634     -1
    20.0  0.5510      1
    20.0   1.039     -1
