     0.0   2.269      1
     1.0   6.804     -1
     2.0   11.33      1
     3.0   15.85     -1
     4.0   20.36      1
     5.0   24.84     -1
     6.0   29.30      1
     7.0   33.73     -1
     8.0   38.12      1
     9.0   42.46     -1
    10.0   46.73      1
    11.0   50.88     -1
    12.0   54.82      1
    13.0   58.22     -1
    14.0   59.97      1
    15.0   58.42     -1
    16.0   52.87      1
    17.0   44.45     -1
    18.0   35.19      1
    19.0   26.66     -1
    20.0   19.61      1
    21.0   14.15     -1
    22.0   10.07      1
    23.0   7.106     -1
    24.0   4.982      1
    25.0   3.477     -1
    26.0   2.418      1
    27.0   1.677     -1
    28.0   1.160      1
    29.0  0.8008     -1
    30.0  0.5518      1
    31.0  0.3797     -1
    32.0  0.2608      1
    33.0  0.1789     -1
    34.0  0.1226      1
    35.0  0.8390E-01 -1
    36.0  0.5735E-01  1
    37.0  0.3917E-01 -1
