     0.5   8.503      1
     0.5   17.10     -1
     1.5   25.43      1
     1.5   51.20     -1
     2.5   35.88      1
     2.5   74.63     -1
     3.5   46.10      1
     3.5   88.65     -1
     4.5   43.38      1
     4.5   85.74     -1
     5.5   34.93      1
     5.5   64.03     -1
     6.5   14.16      1
     6.5   35.51     -1
     7.5   9.888      1
     7.5   16.05     -1
     8.5   2.587      1
     8.5   6.766     -1
     9.5   1.722      1
     9.5   2.790     -1
    10.5  0.4350      1
    10.5   1.136     -1
