     0.5   21.45      1
     0.5   43.30     -1
     1.5   42.21      1
     1.5   85.91     -1
     2.5   63.31      1
     2.5   132.4     -1
     3.5   62.43      1
     3.5   154.6     -1
     4.5   78.03      1
     4.5   104.3     -1
     5.5   9.198      1
     5.5   40.76     -1
     6.5   10.73      1
     6.5   13.87     -1
     7.5   1.059      1
     7.5   4.647     -1
     8.5   1.191      1
     8.5   1.544     -1
     9.5  0.1157      1
     9.5  0.5072     -1
    10.5  0.1272      1
    10.5  0.1647     -1
    11.5  0.1202E-01  1
    11.5  0.5291E-01 -1
