     0.0   1.845      1
     0.0   3.692     -1
     1.0   11.04      1
     1.0   22.10     -1
     2.0   18.31      1
     2.0   36.58     -1
     3.0   25.24      1
     3.0   50.55     -1
     4.0   32.16      1
     4.0   62.32     -1
     5.0   31.58      1
     5.0   66.54     -1
     6.0   29.03      1
     6.0   58.19     -1
     7.0   22.02      1
     7.0   41.01     -1
     8.0   10.84      1
     8.0   24.47     -1
     9.0   7.517      1
     9.0   13.32     -1
    10.0   3.006      1
    10.0   6.940     -1
    11.0   2.007      1
    11.0   3.536     -1
    12.0  0.7676      1
    12.0   1.777     -1
    13.0  0.5027      1
    13.0  0.8844     -1
    14.0  0.1883      1
