     0.5   3.804      1
     0.5   7.617     -1
     1.5   11.38      1
     1.5   22.71     -1
     2.5   16.70      1
     2.5   33.55     -1
     3.5   21.97      1
     3.5   43.16     -1
     4.5   24.22      1
     4.5   49.70     -1
     5.5   25.86      1
     5.5   50.75     -1
     6.5   21.63      1
     6.5   44.88     -1
     7.5   18.24      1
     7.5   33.80     -1
     8.5   9.744      1
     8.5   22.04     -1
     9.5   7.402      1
     9.5   13.05     -1
    10.5   3.145      1
    10.5   7.329     -1
    11.5   2.291      1
    11.5   4.002     -1
    12.5  0.9174      1
    12.5   2.150     -1
    13.5  0.6550      1
    13.5   1.142     -1
    14.5  0.2564      1
