     0.5   4.421      1
     0.5   8.805     -1
     1.5   8.574      1
     1.5   17.30     -1
     2.5   12.75      1
     2.5   25.07     -1
     3.5   15.18      1
     3.5   31.48     -1
     4.5   19.15      1
     4.5   35.85     -1
     5.5   16.55      1
     5.5   37.35     -1
     6.5   20.50      1
     6.5   35.22     -1
     7.5   11.72      1
     7.5   29.68     -1
     8.5   13.94      1
     8.5   22.38     -1
     9.5   5.600      1
     9.5   15.36     -1
    10.5   6.319      1
    10.5   9.823     -1
    11.5   2.108      1
    11.5   5.990     -1
    12.5   2.304      1
    12.5   3.542     -1
    13.5  0.7159      1
    13.5   2.056     -1
    14.5  0.7690      1
    14.5   1.179     -1
    15.5  0.2333      1
    15.5  0.6712     -1
    16.5  0.2480      1
    16.5  0.3801     -1
    17.5  0.7453E-01  1
    17.5  0.2145     -1
    18.5  0.7869E-01  1
