     0.0   1.932      1
     0.0   3.867     -1
     1.0   11.57      1
     1.0   23.15     -1
     2.0   19.17      1
     2.0   38.32     -1
     3.0   26.44      1
     3.0   52.97     -1
     4.0   33.74      1
     4.0   65.07     -1
     5.0   32.51      1
     5.0   68.54     -1
     6.0   28.88      1
     6.0   58.43     -1
     7.0   21.64      1
     7.0   39.87     -1
     8.0   10.13      1
     8.0   23.09     -1
     9.0   6.968      1
     9.0   12.27     -1
    10.0   2.699      1
    10.0   6.272     -1
    11.0   1.791      1
    11.0   3.141     -1
    12.0  0.6669      1
    12.0   1.553     -1
    13.0  0.4344      1
    13.0  0.7608     -1
    14.0  0.1586      1
