     0.0   5.308      1
     0.0   10.68     -1
     1.0   31.76      1
     1.0   64.00     -1
     2.0   52.33      1
     2.0   107.3     -1
     3.0   60.63      1
     3.0   139.8     -1
     4.0   65.82      1
     4.0   127.9     -1
     5.0   46.21      1
     5.0   73.48     -1
     6.0   9.502      1
     6.0   27.51     -1
     7.0   6.031      1
     7.0   9.258     -1
     8.0   1.082      1
     8.0   3.080     -1
     9.0  0.6586      1
     9.0   1.017     -1
    10.0  0.1169      1
