     0.5   5.079      1
     0.5   10.19     -1
     1.5   15.20      1
     1.5   30.39     -1
     2.5   22.23      1
     2.5   44.84     -1
     3.5   29.26      1
     3.5   56.79     -1
     4.5   30.60      1
     4.5   62.64     -1
     5.5   30.01      1
     5.5   58.96     -1
     6.5   21.27      1
     6.5   45.82     -1
     7.5   16.56      1
     7.5   29.28     -1
     8.5   6.837      1
     8.5   16.27     -1
     9.5   4.925      1
     9.5   8.427     -1
    10.5   1.750      1
    10.5   4.226     -1
    11.5   1.222      1
    11.5   2.083     -1
    12.5  0.4197      1
    12.5   1.016     -1
