     0.5   4.182      1
     0.5   8.377     -1
     1.5   12.52      1
     1.5   24.98     -1
     2.5   18.35      1
     2.5   36.90     -1
     3.5   24.15      1
     3.5   47.27     -1
     4.5   26.20      1
     4.5   53.78     -1
     5.5   27.31      1
     5.5   53.65     -1
     6.5   21.83      1
     6.5   45.68     -1
     7.5   17.91      1
     7.5   32.72     -1
     8.5   8.814      1
     8.5   20.26     -1
     9.5   6.574      1
     9.5   11.48     -1
    10.5   2.634      1
    10.5   6.209     -1
    11.5   1.892      1
    11.5   3.280     -1
    12.5  0.7218      1
    12.5   1.708     -1
    13.5  0.5087      1
