     0.0   2.602      1
     0.0   4.913     -1
     1.0   23.06      1
     1.0   43.96     -1
     2.0   52.68      1
     2.0   99.23     -1
     3.0   74.21      1
     3.0   140.7     -1
     4.0   82.81      1
     4.0   173.0     -1
     5.0   87.61      1
     5.0   176.5     -1
     6.0   67.78      1
     6.0   147.5     -1
     7.0   41.11      1
     7.0   95.55     -1
     8.0   26.26      1
     8.0   40.25     -1
     9.0   4.019      1
     9.0   12.52     -1
    10.0   2.375      1
    10.0   3.459     -1
