     0.0   1.659      1
     0.0   3.332     -1
     1.0   14.88      1
     1.0   29.96     -1
     2.0   32.30      1
     2.0   65.74     -1
     3.0   44.65      1
     3.0   86.22     -1
     4.0   47.84      1
     4.0   95.00     -1
     5.0   46.99      1
     5.0   90.16     -1
     6.0   35.54      1
     6.0   70.95     -1
     7.0   17.42      1
     7.0   42.16     -1
     8.0   11.61      1
     8.0   19.02     -1
     9.0   3.074      1
     9.0   7.861     -1
    10.0   1.949      1
    10.0   3.217     -1
