     0.0   3.381      1
     0.0   6.804     -1
     1.0   20.23      1
     1.0   40.72     -1
     2.0   33.49      1
     2.0   67.83     -1
     3.0   44.89      1
     3.0   93.09     -1
     4.0   57.04      1
     4.0   103.8     -1
     5.0   44.09      1
     5.0   84.65     -1
     6.0   19.98      1
     6.0   48.65     -1
     7.0   13.42      1
     7.0   22.10     -1
     8.0   3.633      1
     8.0   9.283     -1
     9.0   2.315      1
     9.0   3.806     -1
    10.0  0.6039      1
    10.0   1.540     -1
    11.0  0.3751      1
    11.0  0.6169     -1
    12.0  0.9582E-01  1
