     0.5   6.218      1
     0.5   12.38     -1
     1.5   12.06      1
     1.5   24.31     -1
     2.5   17.86      1
     2.5   34.99     -1
     3.5   20.72      1
     3.5   43.48     -1
     4.5   26.64      1
     4.5   48.83     -1
     5.5   20.62      1
     5.5   49.03     -1
     6.5   26.05      1
     6.5   42.29     -1
     7.5   10.96      1
     7.5   30.83     -1
     8.5   12.92      1
     8.5   19.47     -1
     9.5   3.621      1
     9.5   11.11     -1
    10.5   4.045      1
    10.5   5.955     -1
    11.5  0.9821      1
    11.5   3.082     -1
    12.5   1.068      1
    12.5   1.567     -1
    13.5  0.2518      1
    13.5  0.7900     -1
    14.5  0.2701      1
    14.5  0.3968     -1
    15.5  0.6373E-01  1
    15.5  0.1990     -1
    16.5  0.6772E-01  1
