     0.5   5.178      1
     0.5   10.39     -1
     1.5   15.50      1
     1.5   30.98     -1
     2.5   22.66      1
     2.5   45.72     -1
     3.5   29.81      1
     3.5   57.82     -1
     4.5   31.06      1
     4.5   63.54     -1
     5.5   30.25      1
     5.5   59.42     -1
     6.5   21.14      1
     6.5   45.72     -1
     7.5   16.38      1
     7.5   28.86     -1
     8.5   6.644      1
     8.5   15.87     -1
     9.5   4.771      1
     9.5   8.146     -1
    10.5   1.675      1
    10.5   4.055     -1
    11.5   1.166      1
    11.5   1.985     -1
    12.5  0.3962      1
    12.5  0.9610     -1
