     0.0   1.561      1
     1.0   4.682     -1
     2.0   7.798      1
     3.0   10.91     -1
     4.0   14.00      1
     5.0   17.08     -1
     6.0   20.15      1
     7.0   23.18     -1
     8.0   26.19      1
     9.0   29.16     -1
    10.0   32.09      1
    11.0   34.94     -1
    12.0   37.70      1
    13.0   40.32     -1
    14.0   42.68      1
    15.0   44.56     -1
    16.0   45.52      1
    17.0   44.98     -1
    18.0   42.57      1
    19.0   38.41     -1
    20.0   33.10      1
    21.0   27.43     -1
    22.0   22.03      1
    23.0   17.28     -1
    24.0   13.32      1
    25.0   10.13     -1
    26.0   7.637      1
    27.0   5.716     -1
    28.0   4.255      1
    29.0   3.155     -1
    30.0   2.331      1
    31.0   1.718     -1
    32.0   1.264      1
    33.0  0.9278     -1
    34.0  0.6800      1
    35.0  0.4977     -1
    36.0  0.3638      1
    37.0  0.2656     -1
    38.0  0.1937      1
    39.0  0.1411     -1
    40.0  0.1027      1
    41.0  0.7468E-01 -1
    42.0  0.5427E-01  1
    43.0  0.3940E-01 -1
