     0.0  0.2390      1
     0.0  0.4795     -1
     1.0   2.157      1
     1.0   4.310     -1
     2.0   4.759      1
     2.0   9.526     -1
     3.0   6.597      1
     3.0   13.18     -1
     4.0   8.321      1
     4.0   16.66     -1
     5.0   9.967      1
     5.0   19.90     -1
     6.0   11.36      1
     6.0   22.79     -1
     7.0   12.65      1
     7.0   25.21     -1
     8.0   13.43      1
     8.0   27.01     -1
     9.0   14.09      1
     9.0   28.02     -1
    10.0   13.95      1
    10.0   28.07     -1
    11.0   13.59      1
    11.0   27.06     -1
    12.0   12.50      1
    12.0   25.02     -1
    13.0   11.01      1
    13.0   22.12     -1
    14.0   9.454      1
    14.0   18.71     -1
    15.0   7.454      1
    15.0   15.17     -1
    16.0   6.059      1
    16.0   11.85     -1
    17.0   4.360      1
    17.0   8.970     -1
    18.0   3.417      1
    18.0   6.624     -1
    19.0   2.317      1
    19.0   4.800     -1
    20.0   1.777      1
    20.0   3.428     -1
    21.0   1.165      1
    21.0   2.422     -1
    22.0  0.8818      1
    22.0   1.697     -1
    23.0  0.5673      1
    23.0   1.182     -1
