     0.5   9.275      1
     0.5   18.56     -1
     1.5   18.43      1
     1.5   37.00     -1
     2.5   27.65      1
     2.5   55.11     -1
     3.5   36.58      1
     3.5   73.18     -1
     4.5   45.72      1
     4.5   83.64     -1
     5.5   27.42      1
     5.5   72.92     -1
     6.5   31.99      1
     6.5   47.58     -1
     7.5   7.983      1
     7.5   25.81     -1
     8.5   8.981      1
     8.5   12.89     -1
     9.5   1.874      1
     9.5   6.220     -1
    10.5   2.062      1
    10.5   2.947     -1
    11.5  0.4138      1
    11.5   1.380     -1
    12.5  0.4483      1
    12.5  0.6398     -1
    13.5  0.8798E-01  1
    13.5  0.2943     -1
    14.5  0.9427E-01  1
