     0.0   2.128      1
     0.0   4.262     -1
     1.0   12.74      1
     1.0   25.52     -1
     2.0   21.12      1
     2.0   42.26     -1
     3.0   29.13      1
     3.0   58.43     -1
     4.0   37.27      1
     4.0   71.16     -1
     5.0   34.52      1
     5.0   72.71     -1
     6.0   28.38      1
     6.0   58.70     -1
     7.0   20.77      1
     7.0   37.49     -1
     8.0   8.808      1
     8.0   20.47     -1
     9.0   5.967      1
     9.0   10.39     -1
    10.0   2.167      1
    10.0   5.104     -1
    11.0   1.420      1
    11.0   2.466     -1
    12.0  0.4991      1
    12.0   1.178     -1
    13.0  0.3213      1
    13.0  0.5574     -1
    14.0  0.1108      1
