     0.5   3.191      1
     0.5   6.356     -1
     1.5   6.208      1
     1.5   12.52     -1
     2.5   9.262      1
     2.5   18.26     -1
     3.5   11.34      1
     3.5   23.25     -1
     4.5   14.14      1
     4.5   27.08     -1
     5.5   13.55      1
     5.5   29.28     -1
     6.5   16.34      1
     6.5   29.39     -1
     7.5   11.56      1
     7.5   27.20     -1
     8.5   13.66      1
     8.5   23.10     -1
     9.5   7.155      1
     9.5   18.10     -1
    10.5   8.130      1
    10.5   13.24     -1
    11.5   3.484      1
    11.5   9.183     -1
    12.5   3.829      1
    12.5   6.128     -1
    13.5   1.482      1
    13.5   3.980     -1
    14.5   1.597      1
    14.5   2.538     -1
    15.5  0.5904      1
    15.5   1.597     -1
    16.5  0.6285      1
    16.5  0.9960     -1
    17.5  0.2274      1
    17.5  0.6169     -1
    18.5  0.2401      1
    18.5  0.3801     -1
    19.5  0.8582E-01  1
    19.5  0.2332     -1
    20.5  0.9013E-01  1
