     0.0   3.075      1
     0.0   6.182     -1
     1.0   18.40      1
     1.0   37.01     -1
     2.0   30.48      1
     2.0   61.53     -1
     3.0   41.38      1
     3.0   84.79     -1
     4.0   52.97      1
     4.0   97.03     -1
     5.0   42.29      1
     5.0   83.85     -1
     6.0   22.30      1
     6.0   52.25     -1
     7.0   15.20      1
     7.0   25.47     -1
     8.0   4.495      1
     8.0   11.26     -1
     9.0   2.897      1
     9.0   4.821     -1
    10.0  0.8122      1
    10.0   2.034     -1
    11.0  0.5097      1
    11.0  0.8485     -1
    12.0  0.1399      1
