     0.5   9.861      1
     0.5   19.74     -1
     1.5   19.60      1
     1.5   39.36     -1
     2.5   29.40      1
     2.5   58.67     -1
     3.5   38.96      1
     3.5   78.00     -1
     4.5   48.70      1
     4.5   87.65     -1
     5.5   26.63      1
     5.5   73.36     -1
     6.5   31.07      1
     6.5   45.55     -1
     7.5   7.179      1
     7.5   23.74     -1
     8.5   8.077      1
     8.5   11.50     -1
     9.5   1.602      1
     9.5   5.407     -1
    10.5   1.762      1
    10.5   2.501     -1
    11.5  0.3373      1
    11.5   1.143     -1
    12.5  0.3654      1
    12.5  0.5180     -1
    13.5  0.6845E-01  1
    13.5  0.2328     -1
    14.5  0.7334E-01  1
