     0.0  0.4700      1
     0.0  0.9434     -1
     1.0   4.243      1
     1.0   8.474     -1
     2.0   9.329      1
     2.0   18.68     -1
     3.0   12.86      1
     3.0   25.66     -1
     4.0   15.95      1
     4.0   32.03     -1
     5.0   18.85      1
     5.0   37.45     -1
     6.0   20.53      1
     6.0   41.47     -1
     7.0   22.03      1
     7.0   43.55     -1
     8.0   21.41      1
     8.0   43.21     -1
     9.0   20.16      1
     9.0   40.21     -1
    10.0   17.57      1
    10.0   34.85     -1
    11.0   13.71      1
    11.0   28.04     -1
    12.0   10.87      1
    12.0   20.98     -1
    13.0   7.003      1
    13.0   14.72     -1
    14.0   5.190      1
    14.0   9.809     -1
    15.0   2.941      1
    15.0   6.292     -1
    16.0   2.103      1
    16.0   3.931     -1
    17.0   1.120      1
    17.0   2.414     -1
    18.0  0.7871      1
    18.0   1.466     -1
