     0.5   11.89      1
     0.5   23.85     -1
     1.5   23.61      1
     1.5   47.53     -1
     2.5   35.41      1
     2.5   71.15     -1
     3.5   46.81      1
     3.5   94.47     -1
     4.5   58.51      1
     4.5   98.89     -1
     5.5   23.10      1
     5.5   71.56     -1
     6.5   26.96      1
     6.5   38.01     -1
     7.5   4.982      1
     7.5   17.62     -1
     8.5   5.605      1
     8.5   7.796     -1
     9.5  0.9490      1
     9.5   3.383     -1
    10.5   1.044      1
    10.5   1.450     -1
    11.5  0.1719      1
    11.5  0.6149     -1
    12.5  0.1863      1
    12.5  0.2584     -1
    13.5  0.3003E-01  1
    13.5  0.1077     -1
