     0.0   3.651      1
     0.0   7.351     -1
     1.0   21.84      1
     1.0   44.00     -1
     2.0   36.13      1
     2.0   73.38     -1
     3.0   47.75      1
     3.0   100.2     -1
     4.0   60.05      1
     4.0   109.0     -1
     5.0   45.37      1
     5.0   84.52     -1
     6.0   18.05      1
     6.0   45.34     -1
     7.0   11.98      1
     7.0   19.49     -1
     8.0   3.025      1
     8.0   7.860     -1
     9.0   1.911      1
     9.0   3.110     -1
    10.0  0.4693      1
    10.0   1.216     -1
    11.0  0.2892      1
    11.0  0.4708     -1
