     0.0   5.733      1
     0.0   11.53     -1
     1.0   34.31      1
     1.0   69.08     -1
     2.0   56.50      1
     2.0   115.8     -1
     3.0   62.93      1
     3.0   148.6     -1
     4.0   64.43      1
     4.0   129.8     -1
     5.0   44.79      1
     5.0   69.24     -1
     6.0   8.109      1
     6.0   24.11     -1
     7.0   5.108      1
     7.0   7.752     -1
     8.0  0.8518      1
     8.0   2.478     -1
     9.0  0.5152      1
     9.0  0.7860     -1
    10.0  0.8495E-01  1
