     0.5   1.627      1
     0.5   3.245     -1
     1.5   3.194      1
     1.5   6.427     -1
     2.5   4.783      1
     2.5   9.478     -1
     3.5   6.077      1
     3.5   12.32     -1
     4.5   7.573      1
     4.5   14.86     -1
     5.5   8.244      1
     5.5   16.97     -1
     6.5   9.627      1
     6.5   18.50     -1
     7.5   9.106      1
     7.5   19.32     -1
     8.5   10.38      1
     8.5   19.26     -1
     9.5   8.215      1
     9.5   18.27     -1
    10.5   9.235      1
    10.5   16.44     -1
    11.5   6.016      1
    11.5   14.05     -1
    12.5   6.639      1
    12.5   11.45     -1
    13.5   3.714      1
    13.5   8.971     -1
    14.5   4.023      1
    14.5   6.813     -1
    15.5   2.052      1
    15.5   5.052     -1
    16.5   2.193      1
    16.5   3.680     -1
    17.5   1.064      1
    17.5   2.645     -1
    18.5   1.126      1
    18.5   1.882     -1
    19.5  0.5323      1
    19.5   1.329     -1
    20.5  0.5595      1
    20.5  0.9326     -1
    21.5  0.2603      1
    21.5  0.6514     -1
    22.5  0.2723      1
    22.5  0.4532     -1
    23.5  0.1254      1
    23.5  0.3142     -1
    24.5  0.1306      1
    24.5  0.2172     -1
    25.5  0.5970E-01  1
    25.5  0.1498     -1
