     0.0   5.737      1
     0.0   11.54     -1
     1.0   34.35      1
     1.0   69.13     -1
     2.0   56.55      1
     2.0   115.8     -1
     3.0   62.62      1
     3.0   148.4     -1
     4.0   63.54      1
     4.0   128.8     -1
     5.0   44.14      1
     5.0   68.03     -1
     6.0   7.905      1
     6.0   23.54     -1
     7.0   4.978      1
     7.0   7.553     -1
     8.0  0.8294      1
     8.0   2.413     -1
     9.0  0.5016      1
     9.0  0.7653     -1
    10.0  0.8269E-01  1
