     0.0   1.902      1
     0.0   3.806     -1
     1.0   11.38      1
     1.0   22.78     -1
     2.0   18.87      1
     2.0   37.71     -1
     3.0   26.03      1
     3.0   52.12     -1
     4.0   33.19      1
     4.0   64.13     -1
     5.0   32.22      1
     5.0   67.92     -1
     6.0   29.02      1
     6.0   58.49     -1
     7.0   21.85      1
     7.0   40.42     -1
     8.0   10.43      1
     8.0   23.68     -1
     9.0   7.193      1
     9.0   12.70     -1
    10.0   2.819      1
    10.0   6.535     -1
    11.0   1.875      1
    11.0   3.293     -1
    12.0  0.7045      1
    12.0   1.637     -1
    13.0  0.4597      1
    13.0  0.8064     -1
    14.0  0.1693      1
