     0.0   1.704      1
     0.0   3.424     -1
     1.0   15.28      1
     1.0   30.80     -1
     2.0   33.12      1
     2.0   67.53     -1
     3.0   45.72      1
     3.0   88.28     -1
     4.0   48.81      1
     4.0   96.73     -1
     5.0   47.71      1
     5.0   91.18     -1
     6.0   35.76      1
     6.0   70.82     -1
     7.0   16.78      1
     7.0   41.15     -1
     8.0   11.13      1
     8.0   18.15     -1
     9.0   2.875      1
     9.0   7.393     -1
    10.0   1.817      1
    10.0   2.989     -1
