     0.0   4.083      1
     0.0   8.225     -1
     1.0   24.42      1
     1.0   49.23     -1
     2.0   40.35      1
     2.0   82.29     -1
     3.0   51.74      1
     3.0   111.3     -1
     4.0   63.35      1
     4.0   115.6     -1
     5.0   46.49      1
     5.0   82.31     -1
     6.0   15.01      1
     6.0   39.53     -1
     7.0   9.818      1
     7.0   15.68     -1
     8.0   2.237      1
     8.0   5.962     -1
     9.0   1.396      1
     9.0   2.238     -1
    10.0  0.3129      1
    10.0  0.8314     -1
    11.0  0.1907      1
    11.0  0.3057     -1
