     0.0   1.653      1
     1.0   4.956     -1
     2.0   8.254      1
     3.0   11.54     -1
     4.0   14.82      1
     5.0   18.09     -1
     6.0   21.33      1
     7.0   24.54     -1
     8.0   27.73      1
     9.0   30.88     -1
    10.0   33.97      1
    11.0   36.99     -1
    12.0   39.91      1
    13.0   42.65     -1
    14.0   45.09      1
    15.0   46.89     -1
    16.0   47.47      1
    17.0   46.18     -1
    18.0   42.77      1
    19.0   37.64     -1
    20.0   31.64      1
    21.0   25.62     -1
    22.0   20.15      1
    23.0   15.52     -1
    24.0   11.78      1
    25.0   8.833     -1
    26.0   6.573      1
    27.0   4.861     -1
    28.0   3.579      1
    29.0   2.625     -1
    30.0   1.920      1
    31.0   1.401     -1
    32.0   1.020      1
    33.0  0.7419     -1
    34.0  0.5386      1
    35.0  0.3905     -1
    36.0  0.2827      1
    37.0  0.2045     -1
    38.0  0.1477      1
    39.0  0.1066     -1
    40.0  0.7688E-01  1
    41.0  0.5539E-01 -1
    42.0  0.3987E-01  1
