     0.0  0.3643      1
     0.0  0.7312     -1
     1.0   3.289      1
     1.0   6.570     -1
     2.0   7.241      1
     2.0   14.50     -1
     3.0   10.00      1
     3.0   19.97     -1
     4.0   12.51      1
     4.0   25.07     -1
     5.0   14.85      1
     5.0   29.58     -1
     6.0   16.52      1
     6.0   33.25     -1
     7.0   18.03      1
     7.0   35.75     -1
     8.0   18.20      1
     8.0   36.73     -1
     9.0   18.08      1
     9.0   35.92     -1
    10.0   16.61      1
    10.0   33.25     -1
    11.0   14.40      1
    11.0   29.01     -1
    12.0   12.12      1
    12.0   23.83     -1
    13.0   8.986      1
    13.0   18.47     -1
    14.0   7.053      1
    14.0   13.61     -1
    15.0   4.604      1
    15.0   9.625     -1
    16.0   3.456      1
    16.0   6.590     -1
    17.0   2.088      1
    17.0   4.408     -1
    18.0   1.530      1
    18.0   2.899     -1
    19.0  0.8891      1
    19.0   1.885     -1
    20.0  0.6429      1
    20.0   1.216     -1
