     0.0  0.3220      1
     0.0  0.6462     -1
     1.0   2.907      1
     1.0   5.807     -1
     2.0   6.403      1
     2.0   12.82     -1
     3.0   8.855      1
     3.0   17.69     -1
     4.0   11.11      1
     4.0   22.25     -1
     5.0   13.22      1
     5.0   26.36     -1
     6.0   14.84      1
     6.0   29.82     -1
     7.0   16.30      1
     7.0   32.38     -1
     8.0   16.74      1
     8.0   33.75     -1
     9.0   16.97      1
     9.0   33.68     -1
    10.0   15.95      1
    10.0   32.03     -1
    11.0   14.42      1
    11.0   28.90     -1
    12.0   12.47      1
    12.0   24.68     -1
    13.0   9.791      1
    13.0   19.96     -1
    14.0   7.894      1
    14.0   15.37     -1
    15.0   5.473      1
    15.0   11.34     -1
    16.0   4.205      1
    16.0   8.085     -1
    17.0   2.684      1
    17.0   5.617     -1
    18.0   2.005      1
    18.0   3.829     -1
    19.0   1.224      1
    19.0   2.574     -1
    20.0  0.9003      1
    20.0   1.714     -1
    21.0  0.5369      1
    21.0   1.132     -1
