     0.5   9.005      1
     0.5   18.01     -1
     1.5   17.90      1
     1.5   35.91     -1
     2.5   26.84      1
     2.5   53.47     -1
     3.5   35.47      1
     3.5   70.97     -1
     4.5   44.34      1
     4.5   81.69     -1
     5.5   27.72      1
     5.5   72.55     -1
     6.5   32.34      1
     6.5   48.45     -1
     7.5   8.382      1
     7.5   26.80     -1
     8.5   9.429      1
     8.5   13.59     -1
     9.5   2.017      1
     9.5   6.639     -1
    10.5   2.219      1
    10.5   3.182     -1
    11.5  0.4553      1
    11.5   1.507     -1
    12.5  0.4932      1
    12.5  0.7063     -1
    13.5  0.9896E-01  1
    13.5  0.3285     -1
    14.5  0.1060      1
    14.5  0.1517     -1
