     0.0   2.319      1
     0.0   4.649     -1
     1.0   13.88      1
     1.0   27.83     -1
     2.0   23.02      1
     2.0   46.12     -1
     3.0   31.73      1
     3.0   63.79     -1
     4.0   40.67      1
     4.0   76.95     -1
     5.0   36.40      1
     5.0   76.28     -1
     6.0   27.64      1
     6.0   58.51     -1
     7.0   19.87      1
     7.0   35.22     -1
     8.0   7.740      1
     8.0   18.30     -1
     9.0   5.178      1
     9.0   8.923     -1
    10.0   1.775      1
    10.0   4.235     -1
    11.0   1.151      1
    11.0   1.980     -1
    12.0  0.3832      1
    12.0  0.9158     -1
    13.0  0.2443      1
    13.0  0.4198     -1
