     0.0   2.144      1
     1.0   6.431     -1
     2.0   10.71      1
     3.0   14.98     -1
     4.0   19.24      1
     5.0   23.48     -1
     6.0   27.69      1
     7.0   31.88     -1
     8.0   36.02      1
     9.0   40.12     -1
    10.0   44.15      1
    11.0   48.07     -1
    12.0   51.81      1
    13.0   55.14     -1
    14.0   57.30      1
    15.0   56.93     -1
    16.0   53.03      1
    17.0   46.02     -1
    18.0   37.53      1
    19.0   29.18     -1
    20.0   21.94      1
    21.0   16.11     -1
    22.0   11.66      1
    23.0   8.342     -1
    24.0   5.926      1
    25.0   4.187     -1
    26.0   2.947      1
    27.0   2.067     -1
    28.0   1.446      1
    29.0   1.010     -1
    30.0  0.7034      1
    31.0  0.4893     -1
    32.0  0.3398      1
    33.0  0.2357     -1
    34.0  0.1633      1
    35.0  0.1130     -1
    36.0  0.7806E-01  1
    37.0  0.5388E-01 -1
    38.0  0.3716E-01  1
