     0.0   3.966      1
     0.0   7.990     -1
     1.0   23.72      1
     1.0   47.83     -1
     2.0   39.21      1
     2.0   79.90     -1
     3.0   50.71      1
     3.0   108.3     -1
     4.0   62.57      1
     4.0   113.9     -1
     5.0   46.22      1
     5.0   82.88     -1
     6.0   15.72      1
     6.0   40.92     -1
     7.0   10.32      1
     7.0   16.55     -1
     8.0   2.413      1
     8.0   6.388     -1
     9.0   1.510      1
     9.0   2.431     -1
    10.0  0.3468      1
    10.0  0.9153     -1
    11.0  0.2119      1
    11.0  0.3411     -1
