     0.0   3.223      1
     0.0   6.483     -1
     1.0   19.28      1
     1.0   38.80     -1
     2.0   31.93      1
     2.0   64.58     -1
     3.0   43.07      1
     3.0   88.81     -1
     4.0   54.94      1
     4.0   100.2     -1
     5.0   43.07      1
     5.0   83.94     -1
     6.0   20.92      1
     6.0   50.07     -1
     7.0   14.15      1
     7.0   23.49     -1
     8.0   3.995      1
     8.0   10.11     -1
     9.0   2.559      1
     9.0   4.234     -1
    10.0  0.6926      1
    10.0   1.750     -1
    11.0  0.4325      1
    11.0  0.7156     -1
    12.0  0.1146      1
