     0.5   2.196      1
     0.5   4.378     -1
     1.5   4.295      1
     1.5   8.650     -1
     2.5   6.423      1
     2.5   12.70     -1
     3.5   8.048      1
     3.5   16.38     -1
     4.5   10.02      1
     4.5   19.50     -1
     5.5   10.45      1
     5.5   21.84     -1
     6.5   12.31      1
     6.5   23.12     -1
     7.5   10.51      1
     7.5   23.13     -1
     8.5   12.18      1
     8.5   21.75     -1
     9.5   8.182      1
     9.5   19.17     -1
    10.5   9.280      1
    10.5   15.88     -1
    11.5   5.068      1
    11.5   12.45     -1
    12.5   5.595      1
    12.5   9.336     -1
    13.5   2.679      1
    13.5   6.762     -1
    14.5   2.897      1
    14.5   4.774     -1
    15.5   1.293      1
    15.5   3.307     -1
    16.5   1.379      1
    16.5   2.260     -1
    17.5  0.5940      1
    17.5   1.528     -1
    18.5  0.6279      1
    18.5   1.026     -1
    19.5  0.2651      1
    19.5  0.6844     -1
    20.5  0.2785      1
    20.5  0.4544     -1
    21.5  0.1162      1
    21.5  0.3005     -1
    22.5  0.1215      1
    22.5  0.1980     -1
    23.5  0.5024E-01  1
    23.5  0.1301     -1
