     0.0  0.6718      1
     0.0   1.348     -1
     1.0   6.061      1
     1.0   12.11     -1
     2.0   13.31      1
     2.0   26.66     -1
     3.0   18.31      1
     3.0   36.48     -1
     4.0   22.47      1
     4.0   45.22     -1
     5.0   26.43      1
     5.0   52.28     -1
     6.0   27.95      1
     6.0   56.76     -1
     7.0   29.14      1
     7.0   57.53     -1
     8.0   26.73      1
     8.0   53.75     -1
     9.0   22.62      1
     9.0   45.69     -1
    10.0   18.05      1
    10.0   34.95     -1
    11.0   11.33      1
    11.0   24.06     -1
    12.0   8.157      1
    12.0   15.11     -1
    13.0   4.017      1
    13.0   8.869     -1
    14.0   2.744      1
    14.0   4.975     -1
    15.0   1.213      1
    15.0   2.717     -1
    16.0  0.8115      1
    16.0   1.463     -1
