     0.0   3.253      1
     1.0   9.758     -1
     2.0   16.25      1
     3.0   22.74     -1
     4.0   29.21      1
     5.0   35.66     -1
     6.0   42.08      1
     7.0   48.47     -1
     8.0   54.83      1
     9.0   61.12     -1
    10.0   67.31      1
    11.0   73.45     -1
    12.0   78.01      1
    13.0   76.57     -1
    14.0   66.72      1
    15.0   52.00     -1
    16.0   37.53      1
    17.0   25.87     -1
    18.0   17.38      1
    19.0   11.50     -1
    20.0   7.546      1
    21.0   4.919     -1
    22.0   3.193      1
    23.0   2.065     -1
    24.0   1.332      1
    25.0  0.8574     -1
    26.0  0.5505      1
    27.0  0.3528     -1
    28.0  0.2257      1
    29.0  0.1441     -1
    30.0  0.9189E-01  1
    31.0  0.5851E-01 -1
    32.0  0.3720E-01  1
