     0.5   8.627      1
     0.5   17.25     -1
     1.5   17.14      1
     1.5   34.39     -1
     2.5   25.71      1
     2.5   51.18     -1
     3.5   33.91      1
     3.5   67.87     -1
     4.5   42.39      1
     4.5   78.85     -1
     5.5   28.07      1
     5.5   71.83     -1
     6.5   32.75      1
     6.5   49.59     -1
     7.5   8.971      1
     7.5   28.22     -1
     8.5   10.09      1
     8.5   14.63     -1
     9.5   2.238      1
     9.5   7.279     -1
    10.5   2.461      1
    10.5   3.548     -1
    11.5  0.5215      1
    11.5   1.707     -1
    12.5  0.5650      1
    12.5  0.8130     -1
    13.5  0.1170      1
    13.5  0.3841     -1
    14.5  0.1253      1
    14.5  0.1801     -1
    15.5  0.2551E-01  1
    15.5  0.8397E-01 -1
