     0.0   4.419      1
     1.0   13.25     -1
     2.0   22.08      1
     3.0   30.90     -1
     4.0   39.70      1
     5.0   48.49     -1
     6.0   57.23      1
     7.0   66.00     -1
     8.0   74.71      1
     9.0   83.33     -1
    10.0   92.55      1
    11.0   98.43     -1
    12.0   90.23      1
    13.0   68.98     -1
    14.0   46.70      1
    15.0   29.77     -1
    16.0   18.46      1
    17.0   11.31     -1
    18.0   6.873      1
    19.0   4.160     -1
    20.0   2.508      1
    21.0   1.508     -1
    22.0  0.9041      1
    23.0  0.5407     -1
    24.0  0.3226      1
    25.0  0.1921     -1
    26.0  0.1141      1
    27.0  0.6770E-01 -1
    28.0  0.4009E-01  1
    29.0  0.2370E-01 -1
