     0.0   1.899      1
     1.0   5.696     -1
     2.0   9.488      1
     3.0   13.27     -1
     4.0   17.04      1
     5.0   20.79     -1
     6.0   24.52      1
     7.0   28.22     -1
     8.0   31.89      1
     9.0   35.51     -1
    10.0   39.07      1
    11.0   42.55     -1
    12.0   45.87      1
    13.0   48.95     -1
    14.0   51.44      1
    15.0   52.60     -1
    16.0   51.43      1
    17.0   47.47     -1
    18.0   41.24      1
    19.0   33.99     -1
    20.0   26.87      1
    21.0   20.60     -1
    22.0   15.46      1
    23.0   11.43     -1
    24.0   8.360      1
    25.0   6.069     -1
    26.0   4.382      1
    27.0   3.150     -1
    28.0   2.257      1
    29.0   1.613     -1
    30.0   1.150      1
    31.0  0.8185     -1
    32.0  0.5815      1
    33.0  0.4125     -1
    34.0  0.2923      1
    35.0  0.2068     -1
    36.0  0.1462      1
    37.0  0.1032     -1
    38.0  0.7277E-01  1
    39.0  0.5127E-01 -1
    40.0  0.3609E-01  1
