     0.5   4.892      1
     0.5   9.808     -1
     1.5   14.64      1
     1.5   29.26     -1
     2.5   21.43      1
     2.5   43.18     -1
     3.5   28.20      1
     3.5   54.83     -1
     4.5   29.71      1
     4.5   60.88     -1
     5.5   29.52      1
     5.5   58.02     -1
     6.5   21.48      1
     6.5   45.97     -1
     7.5   16.90      1
     7.5   30.06     -1
     8.5   7.217      1
     8.5   17.06     -1
     9.5   5.233      1
     9.5   8.989     -1
    10.5   1.903      1
    10.5   4.574     -1
    11.5   1.336      1
    11.5   2.286     -1
    12.5  0.4687      1
    12.5   1.129     -1
