     0.0   2.059      1
     0.0   4.123     -1
     1.0   12.32      1
     1.0   24.68     -1
     2.0   20.43      1
     2.0   40.87     -1
     3.0   28.18      1
     3.0   56.50     -1
     4.0   36.02      1
     4.0   69.04     -1
     5.0   33.83      1
     5.0   71.32     -1
     6.0   28.61      1
     6.0   58.70     -1
     7.0   21.11      1
     7.0   38.36     -1
     8.0   9.258      1
     8.0   21.37     -1
     9.0   6.303      1
     9.0   11.02     -1
    10.0   2.340      1
    10.0   5.487     -1
    11.0   1.540      1
    11.0   2.684     -1
    12.0  0.5523      1
    12.0   1.297     -1
    13.0  0.3570      1
    13.0  0.6213     -1
    14.0  0.1256      1
