     0.0   4.943      1
     1.0   14.83     -1
     2.0   24.70      1
     3.0   34.57     -1
     4.0   44.42      1
     5.0   54.26     -1
     6.0   64.05      1
     7.0   73.92     -1
     8.0   83.61      1
     9.0   93.51     -1
    10.0   104.0      1
    11.0   104.9     -1
    12.0   85.75      1
    13.0   58.70     -1
    14.0   36.77      1
    15.0   22.21     -1
    16.0   13.21      1
    17.0   7.803     -1
    18.0   4.588      1
    19.0   2.688     -1
    20.0   1.570      1
    21.0  0.9148     -1
    22.0  0.5316      1
    23.0  0.3081     -1
    24.0  0.1782      1
    25.0  0.1028     -1
    26.0  0.5923E-01  1
    27.0  0.3406E-01 -1
    28.0  0.1955E-01  1
