     0.5   5.493      1
     0.5   10.94     -1
     1.5   10.65      1
     1.5   21.48     -1
     2.5   15.79      1
     2.5   30.98     -1
     3.5   18.45      1
     3.5   38.59     -1
     4.5   23.56      1
     4.5   43.45     -1
     5.5   18.97      1
     5.5   44.20     -1
     6.5   23.84      1
     6.5   39.60     -1
     7.5   11.40      1
     7.5   30.69     -1
     8.5   13.50      1
     8.5   20.84     -1
     9.5   4.361      1
     9.5   12.80     -1
    10.5   4.890      1
    10.5   7.346     -1
    11.5   1.341      1
    11.5   4.049     -1
    12.5   1.461      1
    12.5   2.181     -1
    13.5  0.3829      1
    13.5   1.161     -1
    14.5  0.4109      1
    14.5  0.6134     -1
    15.5  0.1068      1
    15.5  0.3230     -1
    16.5  0.1135      1
    16.5  0.1697     -1
    17.5  0.2950E-01  1
    17.5  0.8900E-01 -1
