     0.0   2.818      1
     0.0   5.661     -1
     1.0   16.87      1
     1.0   33.89     -1
     2.0   27.95      1
     2.0   56.28     -1
     3.0   38.22      1
     3.0   77.71     -1
     4.0   49.06      1
     4.0   90.63     -1
     5.0   40.41      1
     5.0   81.96     -1
     6.0   24.05      1
     6.0   54.55     -1
     7.0   16.63      1
     7.0   28.31     -1
     8.0   5.328      1
     8.0   13.11     -1
     9.0   3.470      1
     9.0   5.839     -1
    10.0   1.037      1
    10.0   2.556     -1
    11.0  0.6572      1
    11.0   1.106     -1
    12.0  0.1921      1
