     0.5   20.53      1
     0.5   43.42     -1
     1.5   41.14      1
     1.5   87.20     -1
     2.5   59.10      1
     2.5   138.5     -1
     3.5   76.84      1
     3.5   180.7     -1
     4.5   108.2      1
     4.5   144.7     -1
     5.5   11.63      1
     5.5   59.05     -1
     6.5   14.06      1
     6.5   17.19     -1
     7.5  0.7865      1
     7.5   4.418     -1
     8.5  0.8897      1
     8.5   1.082     -1
     9.5  0.4658E-01  1
     9.5  0.2603     -1
    10.5  0.5127E-01  1
