     0.0   3.751      1
     1.0   11.25     -1
     2.0   18.74      1
     3.0   26.22     -1
     4.0   33.68      1
     5.0   41.13     -1
     6.0   48.54      1
     7.0   55.93     -1
     8.0   63.31      1
     9.0   70.56     -1
    10.0   77.91      1
    11.0   84.92     -1
    12.0   86.70      1
    13.0   77.34     -1
    14.0   59.92      1
    15.0   42.16     -1
    16.0   28.13      1
    17.0   18.26     -1
    18.0   11.68      1
    19.0   7.406     -1
    20.0   4.671      1
    21.0   2.934     -1
    22.0   1.837      1
    23.0   1.147     -1
    24.0  0.7146      1
    25.0  0.4442     -1
    26.0  0.2755      1
    27.0  0.1705     -1
    28.0  0.1054      1
    29.0  0.6502E-01 -1
    30.0  0.4006E-01  1
    31.0  0.2464E-01 -1
