     0.0  0.2813      1
     0.0  0.5644     -1
     1.0   2.539      1
     1.0   5.072     -1
     2.0   5.597      1
     2.0   11.20     -1
     3.0   7.748      1
     3.0   15.48     -1
     4.0   9.745      1
     4.0   19.52     -1
     5.0   11.64      1
     5.0   23.22     -1
     6.0   13.16      1
     6.0   26.42     -1
     7.0   14.56      1
     7.0   28.96     -1
     8.0   15.20      1
     8.0   30.60     -1
     9.0   15.68      1
     9.0   31.14     -1
    10.0   15.11      1
    10.0   30.39     -1
    11.0   14.19      1
    11.0   28.33     -1
    12.0   12.62      1
    12.0   25.14     -1
    13.0   10.49      1
    13.0   21.22     -1
    14.0   8.704      1
    14.0   17.08     -1
    15.0   6.414      1
    15.0   13.17     -1
    16.0   5.056      1
    16.0   9.800     -1
    17.0   3.414      1
    17.0   7.086     -1
    18.0   2.607      1
    18.0   5.013     -1
    19.0   1.671      1
    19.0   3.490     -1
    20.0   1.253      1
    20.0   2.401     -1
    21.0  0.7814      1
    21.0   1.637     -1
    22.0  0.5798      1
    22.0   1.109     -1
