     0.5   11.36      1
     0.5   22.99     -1
     1.5   22.37      1
     1.5   45.29     -1
     2.5   33.31      1
     2.5   66.41     -1
     3.5   43.32      1
     3.5   86.92     -1
     4.5   57.38      1
     4.5   97.67     -1
     5.5   25.83      1
     5.5   79.15     -1
     6.5   32.41      1
     6.5   44.97     -1
     7.5   5.208      1
     7.5   20.15     -1
     8.5   5.972      1
     8.5   7.967     -1
     9.5  0.7386      1
     9.5   2.974     -1
    10.5  0.8154      1
    10.5   1.086     -1
    11.5  0.9928E-01  1
    11.5  0.3950     -1
    12.5  0.1076      1
    12.5  0.1443     -1
