     0.0  0.9910      1
     0.0   1.990     -1
     1.0   8.923      1
     1.0   17.88     -1
     2.0   19.59      1
     2.0   39.36     -1
     3.0   26.98      1
     3.0   53.93     -1
     4.0   33.33      1
     4.0   67.23     -1
     5.0   39.83      1
     5.0   77.95     -1
     6.0   40.71      1
     6.0   83.04     -1
     7.0   40.36      1
     7.0   79.46     -1
     8.0   33.51      1
     8.0   66.77     -1
     9.0   22.72      1
     9.0   47.91     -1
    10.0   16.03      1
    10.0   29.10     -1
    11.0   6.647      1
    11.0   15.42     -1
    12.0   4.327      1
    12.0   7.473     -1
    13.0   1.435      1
    13.0   3.447     -1
    14.0  0.9086      1
    14.0   1.554     -1
