     0.0   3.854      1
     0.0   7.763     -1
     1.0   23.05      1
     1.0   46.46     -1
     2.0   38.12      1
     2.0   77.58     -1
     3.0   49.76      1
     3.0   105.5     -1
     4.0   61.93      1
     4.0   112.5     -1
     5.0   46.13      1
     5.0   83.99     -1
     6.0   16.68      1
     6.0   42.85     -1
     7.0   11.00      1
     7.0   17.73     -1
     8.0   2.643      1
     8.0   6.950     -1
     9.0   1.659      1
     9.0   2.681     -1
    10.0  0.3901      1
    10.0   1.023     -1
    11.0  0.2391      1
    11.0  0.3863     -1
