     0.0  0.4056      1
     0.0  0.8141     -1
     1.0   3.662      1
     1.0   7.314     -1
     2.0   8.057      1
     2.0   16.13     -1
     3.0   11.12      1
     3.0   22.20     -1
     4.0   13.86      1
     4.0   27.80     -1
     5.0   16.43      1
     5.0   32.68     -1
     6.0   18.11      1
     6.0   36.51     -1
     7.0   19.64      1
     7.0   38.89     -1
     8.0   19.52      1
     8.0   39.40     -1
     9.0   18.99      1
     9.0   37.78     -1
    10.0   17.07      1
    10.0   34.07     -1
    11.0   14.21      1
    11.0   28.79     -1
    12.0   11.67      1
    12.0   22.79     -1
    13.0   8.190      1
    13.0   16.98     -1
    14.0   6.277      1
    14.0   12.02     -1
    15.0   3.872      1
    15.0   8.167     -1
    16.0   2.847      1
    16.0   5.388     -1
    17.0   1.635      1
    17.0   3.481     -1
    18.0   1.177      1
    18.0   2.216     -1
    19.0  0.6543      1
    19.0   1.398     -1
