     0.0   2.184      1
     1.0   6.551     -1
     2.0   10.91      1
     3.0   15.26     -1
     4.0   19.60      1
     5.0   23.92     -1
     6.0   28.21      1
     7.0   32.47     -1
     8.0   36.70      1
     9.0   40.88     -1
    10.0   44.98      1
    11.0   48.97     -1
    12.0   52.78      1
    13.0   56.14     -1
    14.0   58.19      1
    15.0   57.47     -1
    16.0   53.05      1
    17.0   45.57     -1
    18.0   36.80      1
    19.0   28.37     -1
    20.0   21.17      1
    21.0   15.46     -1
    22.0   11.12      1
    23.0   7.923     -1
    24.0   5.604      1
    25.0   3.944     -1
    26.0   2.764      1
    27.0   1.932     -1
    28.0   1.347      1
    29.0  0.9367     -1
    30.0  0.6503      1
    31.0  0.4507     -1
    32.0  0.3119      1
    33.0  0.2156     -1
    34.0  0.1488      1
    35.0  0.1026     -1
    36.0  0.7064E-01  1
    37.0  0.4859E-01 -1
    38.0  0.3340E-01  1
