     0.0   2.760      1
     0.0   5.543     -1
     1.0   16.52      1
     1.0   33.18     -1
     2.0   27.38      1
     2.0   55.09     -1
     3.0   37.49      1
     3.0   76.09     -1
     4.0   48.13      1
     4.0   89.13     -1
     5.0   39.97      1
     5.0   81.48     -1
     6.0   24.49      1
     6.0   55.12     -1
     7.0   17.00      1
     7.0   29.06     -1
     8.0   5.558      1
     8.0   13.62     -1
     9.0   3.630      1
     9.0   6.123     -1
    10.0   1.101      1
    10.0   2.704     -1
    11.0  0.6995      1
    11.0   1.180     -1
    12.0  0.2074      1
    12.0  0.5098     -1
