     0.5   10.88      1
     0.5   21.80     -1
     1.5   21.62      1
     1.5   43.46     -1
     2.5   32.42      1
     2.5   64.91     -1
     3.5   43.01      1
     3.5   86.33     -1
     4.5   53.76      1
     4.5   93.81     -1
     5.5   24.96      1
     5.5   73.03     -1
     6.5   29.12      1
     6.5   41.79     -1
     7.5   5.970      1
     7.5   20.45     -1
     8.5   6.717      1
     8.5   9.446     -1
     9.5   1.226      1
     9.5   4.259     -1
    10.5   1.349      1
    10.5   1.893     -1
    11.5  0.2390      1
    11.5  0.8327     -1
    12.5  0.2589      1
    12.5  0.3629     -1
    13.5  0.4489E-01  1
    13.5  0.1569     -1
    14.5  0.4809E-01  1
