     0.0   4.203      1
     0.0   8.468     -1
     1.0   25.13      1
     1.0   50.69     -1
     2.0   41.52      1
     2.0   84.76     -1
     3.0   52.90      1
     3.0   114.3     -1
     4.0   64.35      1
     4.0   117.7     -1
     5.0   46.98      1
     5.0   82.38     -1
     6.0   14.56      1
     6.0   38.69     -1
     7.0   9.490      1
     7.0   15.09     -1
     8.0   2.109      1
     8.0   5.658     -1
     9.0   1.312      1
     9.0   2.095     -1
    10.0  0.2870      1
    10.0  0.7677     -1
    11.0  0.1744      1
    11.0  0.2784     -1
