     0.5   14.85      1
     0.5   29.88     -1
     1.5   29.42      1
     1.5   59.48     -1
     2.5   44.13      1
     2.5   89.85     -1
     3.5   56.08      1
     3.5   117.1     -1
     4.5   70.10      1
     4.5   108.1     -1
     5.5   17.64      1
     5.5   63.19     -1
     6.5   20.58      1
     6.5   27.94     -1
     7.5   2.977      1
     7.5   11.39     -1
     8.5   3.350      1
     8.5   4.535     -1
     9.5  0.4656      1
     9.5   1.783     -1
    10.5  0.5122      1
    10.5  0.6929     -1
    11.5  0.6943E-01  1
    11.5  0.2666     -1
    12.5  0.7522E-01  1
