     0.0   3.008      1
     0.0   6.046     -1
     1.0   18.00      1
     1.0   36.19     -1
     2.0   29.82      1
     2.0   60.17     -1
     3.0   40.55      1
     3.0   82.94     -1
     4.0   51.94      1
     4.0   95.31     -1
     5.0   41.73      1
     5.0   83.16     -1
     6.0   22.58      1
     6.0   52.55     -1
     7.0   15.44      1
     7.0   25.96     -1
     8.0   4.650      1
     8.0   11.60     -1
     9.0   3.004      1
     9.0   5.014     -1
    10.0  0.8561      1
    10.0   2.135     -1
    11.0  0.5386      1
    11.0  0.8990     -1
    12.0  0.1502      1
