     0.5   7.496      1
     0.5   14.93     -1
     1.5   14.59      1
     1.5   29.33     -1
     2.5   21.56      1
     2.5   42.14     -1
     3.5   25.10      1
     3.5   52.56     -1
     4.5   32.56      1
     4.5   59.26     -1
     5.5   23.33      1
     5.5   57.92     -1
     6.5   29.59      1
     6.5   46.09     -1
     7.5   9.781      1
     7.5   29.85     -1
     8.5   11.43      1
     8.5   16.59     -1
     9.5   2.533      1
     9.5   8.378     -1
    10.5   2.816      1
    10.5   4.018     -1
    11.5  0.5616      1
    11.5   1.880     -1
    12.5  0.6099      1
    12.5  0.8707     -1
    13.5  0.1210      1
    13.5  0.4022     -1
    14.5  0.1297      1
    14.5  0.1859     -1
    15.5  0.2610E-01  1
    15.5  0.8603E-01 -1
