     0.0  0.2028      1
     0.0  0.4068     -1
     1.0   1.830      1
     1.0   3.657     -1
     2.0   4.041      1
     2.0   8.089     -1
     3.0   5.609      1
     3.0   11.21     -1
     4.0   7.093      1
     4.0   14.20     -1
     5.0   8.519      1
     5.0   17.01     -1
     6.0   9.774      1
     6.0   19.59     -1
     7.0   10.94      1
     7.0   21.83     -1
     8.0   11.78      1
     8.0   23.65     -1
     9.0   12.52      1
     9.0   24.91     -1
    10.0   12.68      1
    10.0   25.50     -1
    11.0   12.71      1
    11.0   25.29     -1
    12.0   12.06      1
    12.0   24.21     -1
    13.0   11.15      1
    13.0   22.30     -1
    14.0   9.905      1
    14.0   19.73     -1
    15.0   8.304      1
    15.0   16.77     -1
    16.0   6.965      1
    16.0   13.72     -1
    17.0   5.326      1
    17.0   10.87     -1
    18.0   4.286      1
    18.0   8.370     -1
    19.0   3.066      1
    19.0   6.305     -1
    20.0   2.405      1
    20.0   4.669     -1
    21.0   1.652      1
    21.0   3.412     -1
    22.0   1.276      1
    22.0   2.470     -1
    23.0  0.8566      1
    23.0   1.774     -1
    24.0  0.6555      1
    24.0   1.267     -1
