     0.0   2.406      1
     0.0   4.826     -1
     1.0   14.40      1
     1.0   28.89     -1
     2.0   23.88      1
     2.0   47.89     -1
     3.0   32.89      1
     3.0   66.23     -1
     4.0   42.20      1
     4.0   79.44     -1
     5.0   37.11      1
     5.0   77.44     -1
     6.0   26.96      1
     6.0   57.81     -1
     7.0   19.22      1
     7.0   33.77     -1
     8.0   7.190      1
     8.0   17.13     -1
     9.0   4.783      1
     9.0   8.206     -1
    10.0   1.597      1
    10.0   3.835     -1
    11.0   1.031      1
    11.0   1.767     -1
    12.0  0.3354      1
    12.0  0.8059     -1
    13.0  0.2129      1
    13.0  0.3644     -1
