     0.5   1.987      1
     0.5   3.961     -1
     1.5   3.891      1
     1.5   7.834     -1
     2.5   5.821      1
     2.5   11.52     -1
     3.5   7.331      1
     3.5   14.90     -1
     4.5   9.129      1
     4.5   17.83     -1
     5.5   9.680      1
     5.5   20.10     -1
     6.5   11.36      1
     6.5   21.53     -1
     7.5   10.08      1
     7.5   21.88     -1
     8.5   11.61      1
     8.5   21.03     -1
     9.5   8.275      1
     9.5   19.03     -1
    10.5   9.362      1
    10.5   16.24     -1
    11.5   5.431      1
    11.5   13.11     -1
    12.5   5.999      1
    12.5   10.12     -1
    13.5   3.028      1
    13.5   7.529     -1
    14.5   3.277      1
    14.5   5.449     -1
    15.5   1.531      1
    15.5   3.864     -1
    16.5   1.634      1
    16.5   2.699     -1
    17.5  0.7336      1
    17.5   1.865     -1
    18.5  0.7758      1
    18.5   1.277     -1
    19.5  0.3407      1
    19.5  0.8692     -1
    20.5  0.3580      1
    20.5  0.5884     -1
    21.5  0.1552      1
    21.5  0.3966     -1
    22.5  0.1623      1
    22.5  0.2664     -1
    23.5  0.6968E-01  1
    23.5  0.1784     -1
    24.5  0.7259E-01  1
