     0.5   7.892      1
     0.5   15.73     -1
     1.5   15.37      1
     1.5   30.90     -1
     2.5   22.73      1
     2.5   44.41     -1
     3.5   26.60      1
     3.5   55.55     -1
     4.5   34.58      1
     4.5   62.77     -1
     5.5   24.05      1
     5.5   60.69     -1
     6.5   30.51      1
     6.5   46.90     -1
     7.5   9.338      1
     7.5   29.24     -1
     8.5   10.89      1
     8.5   15.63     -1
     9.5   2.253      1
     9.5   7.618     -1
    10.5   2.502      1
    10.5   3.539     -1
    11.5  0.4714      1
    11.5   1.608     -1
    12.5  0.5117      1
    12.5  0.7250     -1
    13.5  0.9653E-01  1
    13.5  0.3265     -1
    14.5  0.1035      1
    14.5  0.1472     -1
