     0.0  0.2874      1
     0.0  0.5767     -1
     1.0   2.595      1
     1.0   5.183     -1
     2.0   5.719      1
     2.0   11.45     -1
     3.0   7.916      1
     3.0   15.81     -1
     4.0   9.952      1
     4.0   19.94     -1
     5.0   11.88      1
     5.0   23.70     -1
     6.0   13.42      1
     6.0   26.94     -1
     7.0   14.83      1
     7.0   29.49     -1
     8.0   15.44      1
     8.0   31.10     -1
     9.0   15.89      1
     9.0   31.55     -1
    10.0   15.25      1
    10.0   30.67     -1
    11.0   14.24      1
    11.0   28.45     -1
    12.0   12.61      1
    12.0   25.10     -1
    13.0   10.39      1
    13.0   21.05     -1
    14.0   8.584      1
    14.0   16.83     -1
    15.0   6.266      1
    15.0   12.89     -1
    16.0   4.919      1
    16.0   9.523     -1
    17.0   3.292      1
    17.0   6.843     -1
    18.0   2.505      1
    18.0   4.813     -1
    19.0   1.594      1
    19.0   3.332     -1
    20.0   1.191      1
    20.0   2.280     -1
    21.0  0.7378      1
    21.0   1.547     -1
    22.0  0.5460      1
    22.0   1.043     -1
