     0.5   14.52      1
     0.5   29.22     -1
     1.5   28.78      1
     1.5   58.17     -1
     2.5   43.17      1
     2.5   87.78     -1
     3.5   55.24      1
     3.5   114.7     -1
     4.5   69.05      1
     4.5   107.5     -1
     5.5   18.20      1
     5.5   64.29     -1
     6.5   21.24      1
     6.5   28.93     -1
     7.5   3.146      1
     7.5   11.94     -1
     8.5   3.539      1
     8.5   4.804     -1
     9.5  0.5020      1
     9.5   1.908     -1
    10.5  0.5522      1
    10.5  0.7490     -1
    11.5  0.7637E-01  1
    11.5  0.2911     -1
    12.5  0.8274E-01  1
