     0.5   6.249      1
     0.5   12.55     -1
     1.5   18.70      1
     1.5   37.48     -1
     2.5   27.15      1
     2.5   55.19     -1
     3.5   35.64      1
     3.5   68.57     -1
     4.5   35.76      1
     4.5   72.38     -1
     5.5   32.40      1
     5.5   62.98     -1
     6.5   19.18      1
     6.5   43.46     -1
     7.5   14.23      1
     7.5   24.25     -1
     8.5   4.864      1
     8.5   12.01     -1
     9.5   3.387      1
     9.5   5.672     -1
    10.5   1.055      1
    10.5   2.622     -1
    11.5  0.7153      1
