     0.0   1.741      1
     0.0   3.482     -1
     1.0   10.42      1
     1.0   20.84     -1
     2.0   17.27      1
     2.0   34.49     -1
     3.0   23.80      1
     3.0   47.65     -1
     4.0   30.28      1
     4.0   58.95     -1
     5.0   30.37      1
     5.0   63.85     -1
     6.0   28.91      1
     6.0   57.42     -1
     7.0   22.28      1
     7.0   41.99     -1
     8.0   11.64      1
     8.0   25.96     -1
     9.0   8.148      1
     9.0   14.54     -1
    10.0   3.388      1
    10.0   7.760     -1
    11.0   2.280      1
    11.0   4.039     -1
    12.0  0.9012      1
    12.0   2.072     -1
    13.0  0.5944      1
    13.0   1.052     -1
    14.0  0.2300      1
    14.0  0.5294     -1
    15.0  0.1498      1
    15.0  0.2647     -1
