     0.5   9.415      1
     0.5   18.84     -1
     1.5   18.71      1
     1.5   37.56     -1
     2.5   28.07      1
     2.5   55.96     -1
     3.5   37.15      1
     3.5   74.34     -1
     4.5   46.44      1
     4.5   84.63     -1
     5.5   27.24      1
     5.5   73.07     -1
     6.5   31.78      1
     6.5   47.11     -1
     7.5   7.783      1
     7.5   25.30     -1
     8.5   8.756      1
     8.5   12.54     -1
     9.5   1.805      1
     9.5   6.014     -1
    10.5   1.985      1
    10.5   2.833     -1
    11.5  0.3939      1
    11.5   1.319     -1
    12.5  0.4267      1
    12.5  0.6080     -1
    13.5  0.8280E-01  1
    13.5  0.2781     -1
    14.5  0.8872E-01  1
