     0.5   10.35      1
     0.5   20.72     -1
     1.5   20.56      1
     1.5   41.32     -1
     2.5   30.84      1
     2.5   61.65     -1
     3.5   40.91      1
     3.5   81.98     -1
     4.5   51.14      1
     4.5   90.72     -1
     5.5   25.87      1
     5.5   73.36     -1
     6.5   30.18      1
     6.5   43.78     -1
     7.5   6.574      1
     7.5   22.12     -1
     8.5   7.395      1
     8.5   10.47     -1
     9.5   1.409      1
     9.5   4.821     -1
    10.5   1.549      1
    10.5   2.187     -1
    11.5  0.2857      1
    11.5  0.9814     -1
    12.5  0.3095      1
    12.5  0.4363     -1
    13.5  0.5584E-01  1
    13.5  0.1924     -1
    14.5  0.5983E-01  1
