     0.5   4.114      1
     0.5   8.241     -1
     1.5   12.31      1
     1.5   24.58     -1
     2.5   18.06      1
     2.5   36.30     -1
     3.5   23.76      1
     3.5   46.54     -1
     4.5   25.85      1
     4.5   53.07     -1
     5.5   27.07      1
     5.5   53.16     -1
     6.5   21.81      1
     6.5   45.57     -1
     7.5   17.99      1
     7.5   32.94     -1
     8.5   8.977      1
     8.5   20.58     -1
     9.5   6.717      1
     9.5   11.75     -1
    10.5   2.719      1
    10.5   6.395     -1
    11.5   1.957      1
    11.5   3.398     -1
    12.5  0.7531      1
    12.5   1.779     -1
    13.5  0.5319      1
