     0.0   4.474      1
     0.0   9.013     -1
     1.0   26.75      1
     1.0   53.96     -1
     2.0   44.16      1
     2.0   90.33     -1
     3.0   54.92      1
     3.0   120.8     -1
     4.0   65.13      1
     4.0   120.4     -1
     5.0   46.92      1
     5.0   79.80     -1
     6.0   12.86      1
     6.0   35.06     -1
     7.0   8.315      1
     7.0   13.09     -1
     8.0   1.744      1
     8.0   4.752     -1
     9.0   1.079      1
     9.0   1.707     -1
    10.0  0.2236      1
    10.0  0.6073     -1
    11.0  0.1351      1
    11.0  0.2138     -1
