     0.0  0.7006      1
     0.0   1.406     -1
     1.0   6.321      1
     1.0   12.63     -1
     2.0   13.88      1
     2.0   27.80     -1
     3.0   19.09      1
     3.0   38.03     -1
     4.0   23.41      1
     4.0   47.12     -1
     5.0   27.55      1
     5.0   54.45     -1
     6.0   29.04      1
     6.0   59.02     -1
     7.0   30.17      1
     7.0   59.54     -1
     8.0   27.44      1
     8.0   55.16     -1
     9.0   22.85      1
     9.0   46.26     -1
    10.0   18.01      1
    10.0   34.72     -1
    11.0   10.92      1
    11.0   23.35     -1
    12.0   7.771      1
    12.0   14.31     -1
    13.0   3.683      1
    13.0   8.194     -1
    14.0   2.493      1
    14.0   4.494     -1
    15.0   1.066      1
    15.0   2.405     -1
    16.0  0.7081      1
    16.0   1.270     -1
