     0.0  0.1806      1
     0.0  0.3621     -1
     1.0   1.629      1
     1.0   3.255     -1
     2.0   3.599      1
     2.0   7.203     -1
     3.0   4.998      1
     3.0   9.989     -1
     4.0   6.331      1
     4.0   12.67     -1
     5.0   7.617      1
     5.0   15.22     -1
     6.0   8.772      1
     6.0   17.57     -1
     7.0   9.855      1
     7.0   19.67     -1
     8.0   10.69      1
     8.0   21.44     -1
     9.0   11.44      1
     9.0   22.79     -1
    10.0   11.75      1
    10.0   23.62     -1
    11.0   11.96      1
    11.0   23.81     -1
    12.0   11.59      1
    12.0   23.27     -1
    13.0   11.02      1
    13.0   21.99     -1
    14.0   10.02      1
    14.0   20.03     -1
    15.0   8.740      1
    15.0   17.57     -1
    16.0   7.497      1
    16.0   14.85     -1
    17.0   5.974      1
    17.0   12.13     -1
    18.0   4.901      1
    18.0   9.618     -1
    19.0   3.637      1
    19.0   7.445     -1
    20.0   2.899      1
    20.0   5.653     -1
    21.0   2.056      1
    21.0   4.229     -1
    22.0   1.610      1
    22.0   3.128     -1
    23.0   1.112      1
    23.0   2.294     -1
    24.0  0.8620      1
    24.0   1.672     -1
    25.0  0.5865      1
    25.0   1.212     -1
