     0.0  0.1928      1
     0.0  0.3866     -1
     1.0   1.739      1
     1.0   3.475     -1
     2.0   3.841      1
     2.0   7.688     -1
     3.0   5.333      1
     3.0   10.66     -1
     4.0   6.748      1
     4.0   13.51     -1
     5.0   8.112      1
     5.0   16.20     -1
     6.0   9.323      1
     6.0   18.68     -1
     7.0   10.46      1
     7.0   20.86     -1
     8.0   11.29      1
     8.0   22.66     -1
     9.0   12.04      1
     9.0   23.97     -1
    10.0   12.28      1
    10.0   24.68     -1
    11.0   12.39      1
    11.0   24.66     -1
    12.0   11.87      1
    12.0   23.83     -1
    13.0   11.12      1
    13.0   22.21     -1
    14.0   9.978      1
    14.0   19.91     -1
    15.0   8.514      1
    15.0   17.16     -1
    16.0   7.211      1
    16.0   14.24     -1
    17.0   5.616      1
    17.0   11.43     -1
    18.0   4.557      1
    18.0   8.919     -1
    19.0   3.313      1
    19.0   6.799     -1
    20.0   2.617      1
    20.0   5.091     -1
    21.0   1.823      1
    21.0   3.759     -1
    22.0   1.417      1
    22.0   2.747     -1
    23.0  0.9632      1
    23.0   1.991     -1
    24.0  0.7413      1
    24.0   1.435     -1
    25.0  0.4970      1
    25.0   1.029     -1
