     0.0   1.829      1
     0.0   3.678     -1
     1.0   16.40      1
     1.0   33.10     -1
     2.0   35.33      1
     2.0   72.41     -1
     3.0   48.54      1
     3.0   93.78     -1
     4.0   51.33      1
     4.0   101.3     -1
     5.0   49.59      1
     5.0   93.73     -1
     6.0   36.35      1
     6.0   70.21     -1
     7.0   15.09      1
     7.0   38.36     -1
     8.0   9.910      1
     8.0   15.97     -1
     9.0   2.401      1
     9.0   6.264     -1
    10.0   1.505      1
    10.0   2.453     -1
