     0.0   2.362      1
     0.0   4.735     -1
     1.0   14.14      1
     1.0   28.34     -1
     2.0   23.44      1
     2.0   46.98     -1
     3.0   32.29      1
     3.0   64.97     -1
     4.0   41.42      1
     4.0   78.19     -1
     5.0   36.78      1
     5.0   76.95     -1
     6.0   27.40      1
     6.0   58.33     -1
     7.0   19.62      1
     7.0   34.65     -1
     8.0   7.506      1
     8.0   17.81     -1
     9.0   5.008      1
     9.0   8.612     -1
    10.0   1.695      1
    10.0   4.057     -1
    11.0   1.097      1
    11.0   1.884     -1
    12.0  0.3611      1
    12.0  0.8652     -1
    13.0  0.2297      1
    13.0  0.3940     -1
