     0.0  0.9361      1
     0.0   1.880     -1
     1.0   8.434      1
     1.0   16.89     -1
     2.0   18.52      1
     2.0   37.18     -1
     3.0   25.50      1
     3.0   50.89     -1
     4.0   31.41      1
     4.0   63.28     -1
     5.0   37.37      1
     5.0   73.29     -1
     6.0   38.44      1
     6.0   78.40     -1
     7.0   38.51      1
     7.0   75.90     -1
     8.0   32.57      1
     8.0   65.09     -1
     9.0   23.12      1
     9.0   48.24     -1
    10.0   16.62      1
    10.0   30.55     -1
    11.0   7.411      1
    11.0   16.91     -1
    12.0   4.888      1
    12.0   8.537     -1
    13.0   1.725      1
    13.0   4.084     -1
    14.0   1.102      1
    14.0   1.902     -1
