     0.5   4.277      1
     0.5   8.519     -1
     1.5   8.298      1
     1.5   16.75     -1
     2.5   12.34      1
     2.5   24.28     -1
     3.5   14.74      1
     3.5   30.53     -1
     4.5   18.57      1
     4.5   34.84     -1
     5.5   16.22      1
     5.5   36.44     -1
     6.5   20.04      1
     6.5   34.60     -1
     7.5   11.74      1
     7.5   29.47     -1
     8.5   13.96      1
     8.5   22.53     -1
     9.5   5.777      1
     9.5   15.70     -1
    10.5   6.524      1
    10.5   10.19     -1
    11.5   2.238      1
    11.5   6.304     -1
    12.5   2.447      1
    12.5   3.778     -1
    13.5  0.7789      1
    13.5   2.220     -1
    14.5  0.8368      1
    14.5   1.288     -1
    15.5  0.2594      1
    15.5  0.7413     -1
    16.5  0.2759      1
    16.5  0.4243     -1
    17.5  0.8461E-01  1
    17.5  0.2419     -1
    18.5  0.8933E-01  1
