     0.0   2.033      1
     1.0   6.096     -1
     2.0   10.15      1
     3.0   14.20     -1
     4.0   18.24      1
     5.0   22.25     -1
     6.0   26.24      1
     7.0   30.21     -1
     8.0   34.13      1
     9.0   38.01     -1
    10.0   41.83      1
    11.0   45.55     -1
    12.0   49.10      1
    13.0   52.32     -1
    14.0   54.71      1
    15.0   55.16     -1
    16.0   52.61      1
    17.0   46.99     -1
    18.0   39.43      1
    19.0   31.44     -1
    20.0   24.15      1
    21.0   18.07     -1
    22.0   13.28      1
    23.0   9.638     -1
    24.0   6.934      1
    25.0   4.958     -1
    26.0   3.529      1
    27.0   2.502     -1
    28.0   1.769      1
    29.0   1.248     -1
    30.0  0.8787      1
    31.0  0.6175     -1
    32.0  0.4332      1
    33.0  0.3035     -1
    34.0  0.2124      1
    35.0  0.1484     -1
    36.0  0.1036      1
    37.0  0.7225E-01 -1
    38.0  0.5033E-01  1
    39.0  0.3503E-01 -1
