     0.5   5.958      1
     0.5   11.86     -1
     1.5   11.55      1
     1.5   23.29     -1
     2.5   17.11      1
     2.5   33.55     -1
     3.5   19.89      1
     3.5   41.71     -1
     4.5   25.52      1
     4.5   46.87     -1
     5.5   20.03      1
     5.5   47.28     -1
     6.5   25.27      1
     6.5   41.36     -1
     7.5   11.13      1
     7.5   30.84     -1
     8.5   13.15      1
     8.5   19.99     -1
     9.5   3.877      1
     9.5   11.71     -1
    10.5   4.336      1
    10.5   6.428     -1
    11.5   1.099      1
    11.5   3.401     -1
    12.5   1.196      1
    12.5   1.765     -1
    13.5  0.2925      1
    13.5  0.9066     -1
    14.5  0.3138      1
    14.5  0.4636     -1
    15.5  0.7661E-01  1
    15.5  0.2366     -1
    16.5  0.8142E-01  1
