     0.5   5.089      1
     0.5   10.13     -1
     1.5   9.864      1
     1.5   19.90     -1
     2.5   14.64      1
     2.5   28.76     -1
     3.5   17.22      1
     3.5   35.91     -1
     4.5   21.88      1
     4.5   40.55     -1
     5.5   18.06      1
     5.5   41.59     -1
     6.5   22.59      1
     6.5   38.00     -1
     7.5   11.56      1
     7.5   30.42     -1
     8.5   13.72      1
     8.5   21.50     -1
     9.5   4.810      1
     9.5   13.76     -1
    10.5   5.405      1
    10.5   8.220     -1
    11.5   1.593      1
    11.5   4.701     -1
    12.5   1.737      1
    12.5   2.620     -1
    13.5  0.4844      1
    13.5   1.439     -1
    14.5  0.5199      1
    14.5  0.7837     -1
    15.5  0.1430      1
    15.5  0.4246     -1
    16.5  0.1520      1
    16.5  0.2293     -1
    17.5  0.4166E-01  1
    17.5  0.1235     -1
