     0.5   4.473      1
     0.5   8.964     -1
     1.5   13.39      1
     1.5   26.73     -1
     2.5   19.62      1
     2.5   39.47     -1
     3.5   25.82      1
     3.5   50.40     -1
     4.5   27.67      1
     4.5   56.78     -1
     5.5   28.29      1
     5.5   55.61     -1
     6.5   21.79      1
     6.5   45.97     -1
     7.5   17.55      1
     7.5   31.71     -1
     8.5   8.131      1
     8.5   18.92     -1
     9.5   5.990      1
     9.5   10.38     -1
    10.5   2.303      1
    10.5   5.472     -1
    11.5   1.638      1
    11.5   2.823     -1
    12.5  0.6030      1
    12.5   1.437     -1
    13.5  0.4211      1
