     0.0   1.993      1
     0.0   3.989     -1
     1.0   11.93      1
     1.0   23.88     -1
     2.0   19.78      1
     2.0   39.54     -1
     3.0   27.28      1
     3.0   54.66     -1
     4.0   34.83      1
     4.0   67.00     -1
     5.0   33.20      1
     5.0   70.01     -1
     6.0   28.90      1
     6.0   58.81     -1
     7.0   21.51      1
     7.0   39.39     -1
     8.0   9.785      1
     8.0   22.43     -1
     9.0   6.698      1
     9.0   11.76     -1
    10.0   2.544      1
    10.0   5.937     -1
    11.0   1.682      1
    11.0   2.940     -1
    12.0  0.6148      1
    12.0   1.438     -1
    13.0  0.3989      1
    13.0  0.6966     -1
    14.0  0.1430      1
