     0.5   1.600      1
     0.5   3.190     -1
     1.5   3.141      1
     1.5   6.319     -1
     2.5   4.704      1
     2.5   9.322     -1
     3.5   5.980      1
     3.5   12.12     -1
     4.5   7.454      1
     4.5   14.63     -1
     5.5   8.129      1
     5.5   16.72     -1
     6.5   9.490      1
     6.5   18.26     -1
     7.5   9.018      1
     7.5   19.10     -1
     8.5   10.27      1
     8.5   19.10     -1
     9.5   8.195      1
     9.5   18.18     -1
    10.5   9.207      1
    10.5   16.43     -1
    11.5   6.055      1
    11.5   14.10     -1
    12.5   6.681      1
    12.5   11.54     -1
    13.5   3.770      1
    13.5   9.085     -1
    14.5   4.084      1
    14.5   6.927     -1
    15.5   2.099      1
    15.5   5.155     -1
    16.5   2.242      1
    16.5   3.768     -1
    17.5   1.096      1
    17.5   2.717     -1
    18.5   1.159      1
    18.5   1.939     -1
    19.5  0.5511      1
    19.5   1.373     -1
    20.5  0.5793      1
    20.5  0.9667     -1
    21.5  0.2711      1
    21.5  0.6772     -1
    22.5  0.2835      1
    22.5  0.4725     -1
    23.5  0.1313      1
    23.5  0.3285     -1
    24.5  0.1368      1
    24.5  0.2277     -1
    25.5  0.6287E-01  1
    25.5  0.1575     -1
