     0.5   3.368      1
     0.5   6.708     -1
     1.5   6.548      1
     1.5   13.21     -1
     2.5   9.765      1
     2.5   19.25     -1
     3.5   11.90      1
     3.5   24.45     -1
     4.5   14.87      1
     4.5   28.37     -1
     5.5   14.02      1
     5.5   30.50     -1
     6.5   16.98      1
     6.5   30.33     -1
     7.5   11.64      1
     7.5   27.68     -1
     8.5   13.78      1
     8.5   23.10     -1
     9.5   6.931      1
     9.5   17.75     -1
    10.5   7.870      1
    10.5   12.72     -1
    11.5   3.246      1
    11.5   8.653     -1
    12.5   3.564      1
    12.5   5.668     -1
    13.5   1.334      1
    13.5   3.618     -1
    14.5   1.436      1
    14.5   2.270     -1
    15.5  0.5152      1
    15.5   1.407     -1
    16.5  0.5483      1
    16.5  0.8644     -1
    17.5  0.1928      1
    17.5  0.5278     -1
    18.5  0.2036      1
    18.5  0.3207     -1
    19.5  0.7082E-01  1
    19.5  0.1941     -1
    20.5  0.7437E-01  1
