     0.0   2.650      1
     0.0   5.319     -1
     1.0   15.86      1
     1.0   31.84     -1
     2.0   26.29      1
     2.0   52.84     -1
     3.0   36.08      1
     3.0   73.02     -1
     4.0   46.33      1
     4.0   86.21     -1
     5.0   39.12      1
     5.0   80.44     -1
     6.0   25.31      1
     6.0   56.10     -1
     7.0   17.70      1
     7.0   30.50     -1
     8.0   6.021      1
     8.0   14.63     -1
     9.0   3.953      1
     9.0   6.703     -1
    10.0   1.234      1
    10.0   3.010     -1
    11.0  0.7880      1
    11.0   1.335     -1
    12.0  0.2404      1
    12.0  0.5866     -1
    13.0  0.1509      1
    13.0  0.2555     -1
