     0.0   1.952      1
     0.0   3.776     -1
     1.0   17.34      1
     1.0   33.81     -1
     2.0   38.79      1
     2.0   75.55     -1
     3.0   53.73      1
     3.0   106.9     -1
     4.0   64.09      1
     4.0   135.9     -1
     5.0   74.66      1
     5.0   149.0     -1
     6.0   65.23      1
     6.0   137.5     -1
     7.0   51.00      1
     7.0   104.2     -1
     8.0   34.35      1
     8.0   58.26     -1
     9.0   8.779      1
     9.0   23.92     -1
    10.0   5.349      1
    10.0   8.235     -1
    11.0  0.9067      1
