     0.5   10.60      1
     0.5   21.35     -1
     1.5   20.84      1
     1.5   42.03     -1
     2.5   30.96      1
     2.5   61.18     -1
     3.5   39.23      1
     3.5   79.26     -1
     4.5   51.66      1
     4.5   89.76     -1
     5.5   26.19      1
     5.5   76.49     -1
     6.5   32.99      1
     6.5   46.68     -1
     7.5   6.046      1
     7.5   22.40     -1
     8.5   6.952      1
     8.5   9.398     -1
     9.5  0.9510      1
     9.5   3.696     -1
    10.5   1.051      1
    10.5   1.415     -1
    11.5  0.1397      1
    11.5  0.5383     -1
    12.5  0.1514      1
    12.5  0.2052     -1
    13.5  0.2081E-01  1
    13.5  0.7870E-01 -1
