     0.5   2.880      1
     0.5   5.738     -1
     1.5   5.611      1
     1.5   11.31     -1
     2.5   8.377      1
     2.5   16.53     -1
     3.5   10.33      1
     3.5   21.13     -1
     4.5   12.87      1
     4.5   24.77     -1
     5.5   12.67      1
     5.5   27.08     -1
     6.5   15.16      1
     6.5   27.64     -1
     7.5   11.37      1
     7.5   26.20     -1
     8.5   13.37      1
     8.5   22.96     -1
     9.5   7.533      1
     9.5   18.63     -1
    10.5   8.565      1
    10.5   14.14     -1
    11.5   3.936      1
    11.5   10.17     -1
    12.5   4.334      1
    12.5   7.017     -1
    13.5   1.784      1
    13.5   4.704     -1
    14.5   1.924      1
    14.5   3.089     -1
    15.5  0.7516      1
    15.5   2.000     -1
    16.5  0.8005      1
    16.5   1.281     -1
    17.5  0.3048      1
    17.5  0.8141     -1
    18.5  0.3220      1
    18.5  0.5144     -1
    19.5  0.1209      1
    19.5  0.3235     -1
    20.5  0.1270      1
    20.5  0.2026     -1
    21.5  0.4722E-01  1
    21.5  0.1265     -1
