     0.5   11.67      1
     0.5   23.41     -1
     1.5   23.18      1
     1.5   46.66     -1
     2.5   34.77      1
     2.5   69.82     -1
     3.5   46.02      1
     3.5   92.75     -1
     4.5   57.52      1
     4.5   97.90     -1
     5.5   23.51      1
     5.5   71.95     -1
     6.5   27.43      1
     6.5   38.81     -1
     7.5   5.177      1
     7.5   18.19     -1
     8.5   5.825      1
     8.5   8.120     -1
     9.5   1.002      1
     9.5   3.552     -1
    10.5   1.102      1
    10.5   1.534     -1
    11.5  0.1843      1
    11.5  0.6555     -1
    12.5  0.1996      1
    12.5  0.2776     -1
    13.5  0.3268E-01  1
    13.5  0.1166     -1
