     0.0   7.622      1
     1.0   22.86     -1
     2.0   38.10      1
     3.0   53.32     -1
     4.0   68.58      1
     5.0   83.69     -1
     6.0   99.18      1
     7.0   114.0     -1
     8.0   129.4      1
     9.0   144.7     -1
    10.0   119.7      1
    11.0   70.72     -1
    12.0   37.27      1
    13.0   19.25     -1
    14.0   9.923      1
    15.0   5.116     -1
    16.0   2.634      1
    17.0   1.353     -1
    18.0  0.6934      1
    19.0  0.3542     -1
    20.0  0.1804      1
    21.0  0.9168E-01 -1
    22.0  0.4647E-01  1
    23.0  0.2349E-01 -1
