     0.0   1.681      1
     0.0   3.377     -1
     1.0   15.08      1
     1.0   30.37     -1
     2.0   32.71      1
     2.0   66.63     -1
     3.0   45.18      1
     3.0   87.24     -1
     4.0   48.32      1
     4.0   95.86     -1
     5.0   47.35      1
     5.0   90.67     -1
     6.0   35.65      1
     6.0   70.90     -1
     7.0   17.10      1
     7.0   41.66     -1
     8.0   11.37      1
     8.0   18.59     -1
     9.0   2.974      1
     9.0   7.626     -1
    10.0   1.883      1
    10.0   3.102     -1
