     0.5   13.62      1
     0.5   27.39     -1
     1.5   27.02      1
     1.5   54.55     -1
     2.5   40.54      1
     2.5   82.07     -1
     3.5   52.67      1
     3.5   108.0     -1
     4.5   65.83      1
     4.5   105.3     -1
     5.5   19.82      1
     5.5   67.16     -1
     6.5   23.13      1
     6.5   31.83     -1
     7.5   3.670      1
     7.5   13.62     -1
     8.5   4.129      1
     8.5   5.648     -1
     9.5  0.6203      1
     9.5   2.308     -1
    10.5  0.6823      1
    10.5  0.9326     -1
    11.5  0.9993E-01  1
    11.5  0.3730     -1
    12.5  0.1083      1
    12.5  0.1478     -1
