     0.5   6.865      1
     0.5   13.80     -1
     1.5   20.54      1
     1.5   41.23     -1
     2.5   29.65      1
     2.5   60.58     -1
     3.5   38.77      1
     3.5   74.42     -1
     4.5   38.17      1
     4.5   76.70     -1
     5.5   33.32      1
     5.5   64.00     -1
     6.5   17.82      1
     6.5   41.54     -1
     7.5   12.95      1
     7.5   21.74     -1
     8.5   4.074      1
     8.5   10.24     -1
     9.5   2.797      1
     9.5   4.637     -1
    10.5  0.8191      1
    10.5   2.064     -1
    11.5  0.5481      1
