     0.0   3.342      1
     1.0   10.02     -1
     2.0   16.70      1
     3.0   23.36     -1
     4.0   30.01      1
     5.0   36.64     -1
     6.0   43.24      1
     7.0   49.80     -1
     8.0   56.34      1
     9.0   62.81     -1
    10.0   69.19      1
    11.0   75.52     -1
    12.0   79.83      1
    13.0   77.23     -1
    14.0   65.89      1
    15.0   50.33     -1
    16.0   35.75      1
    17.0   24.34     -1
    18.0   16.19      1
    19.0   10.63     -1
    20.0   6.919      1
    21.0   4.479     -1
    22.0   2.888      1
    23.0   1.856     -1
    24.0   1.189      1
    25.0  0.7604     -1
    26.0  0.4851      1
    27.0  0.3089     -1
    28.0  0.1964      1
    29.0  0.1246     -1
    30.0  0.7894E-01  1
    31.0  0.4994E-01 -1
    32.0  0.3155E-01  1
