     0.0   3.221      1
     0.0   6.479     -1
     1.0   19.27      1
     1.0   38.78     -1
     2.0   31.92      1
     2.0   64.54     -1
     3.0   43.09      1
     3.0   88.78     -1
     4.0   54.99      1
     4.0   100.4     -1
     5.0   43.20      1
     5.0   84.37     -1
     6.0   21.18      1
     6.0   50.57     -1
     7.0   14.33      1
     7.0   23.81     -1
     8.0   4.058      1
     8.0   10.26     -1
     9.0   2.600      1
     9.0   4.302     -1
    10.0  0.7040      1
    10.0   1.779     -1
    11.0  0.4396      1
    11.0  0.7274     -1
    12.0  0.1165      1
