     0.0   6.462      1
     1.0   19.38     -1
     2.0   32.30      1
     3.0   45.19     -1
     4.0   58.11      1
     5.0   70.95     -1
     6.0   83.90      1
     7.0   96.83     -1
     8.0   109.3      1
     9.0   124.3     -1
    10.0   126.2      1
    11.0   94.26     -1
    12.0   56.76      1
    13.0   31.74     -1
    14.0   17.41      1
    15.0   9.496     -1
    16.0   5.167      1
    17.0   2.804     -1
    18.0   1.518      1
    19.0  0.8198     -1
    20.0  0.4413      1
    21.0  0.2369     -1
    22.0  0.1269      1
    23.0  0.6781E-01 -1
    24.0  0.3615E-01  1
    25.0  0.1924E-01 -1
