     0.0   3.468      1
     0.0   6.981     -1
     1.0   20.75      1
     1.0   41.79     -1
     2.0   34.34      1
     2.0   69.64     -1
     3.0   45.79      1
     3.0   95.41     -1
     4.0   57.95      1
     4.0   105.3     -1
     5.0   44.38      1
     5.0   84.17     -1
     6.0   19.09      1
     6.0   47.07     -1
     7.0   12.76      1
     7.0   20.92     -1
     8.0   3.369      1
     8.0   8.659     -1
     9.0   2.140      1
     9.0   3.507     -1
    10.0  0.5473      1
    10.0   1.403     -1
    11.0  0.3391      1
    11.0  0.5558     -1
