     0.0   4.773      1
     0.0   9.615     -1
     1.0   28.55      1
     1.0   57.57     -1
     2.0   47.10      1
     2.0   96.45     -1
     3.0   57.27      1
     3.0   127.9     -1
     4.0   66.18      1
     4.0   124.0     -1
     5.0   47.20      1
     5.0   78.32     -1
     6.0   11.66      1
     6.0   32.50     -1
     7.0   7.484      1
     7.0   11.67     -1
     8.0   1.481      1
     8.0   4.101     -1
     9.0  0.9105      1
     9.0   1.428     -1
    10.0  0.1782      1
