     0.5   9.957      1
     0.5   20.01     -1
     1.5   29.77      1
     1.5   59.98     -1
     2.5   40.89      1
     2.5   86.53     -1
     3.5   51.18      1
     3.5   99.65     -1
     4.5   46.27      1
     4.5   91.15     -1
     5.5   35.46      1
     5.5   61.86     -1
     6.5   11.37      1
     6.5   30.13     -1
     7.5   7.737      1
     7.5   12.28     -1
     8.5   1.774      1
     8.5   4.788     -1
     9.5   1.157      1
     9.5   1.840     -1
    10.5  0.2598      1
    10.5  0.6996     -1
