     0.5   1.809      1
     0.5   3.607     -1
     1.5   3.546      1
     1.5   7.137     -1
     2.5   5.308      1
     2.5   10.51     -1
     3.5   6.713      1
     3.5   13.63     -1
     4.5   8.363      1
     4.5   16.37     -1
     5.5   8.986      1
     5.5   18.57     -1
     6.5   10.51      1
     6.5   20.07     -1
     7.5   9.640      1
     7.5   20.68     -1
     8.5   11.05      1
     8.5   20.24     -1
     9.5   8.287      1
     9.5   18.75     -1
    10.5   9.350      1
    10.5   16.42     -1
    11.5   5.732      1
    11.5   13.62     -1
    12.5   6.330      1
    12.5   10.79     -1
    13.5   3.355      1
    13.5   8.227     -1
    14.5   3.633      1
    14.5   6.093     -1
    15.5   1.770      1
    15.5   4.414     -1
    16.5   1.890      1
    16.5   3.145     -1
    17.5  0.8809      1
    17.5   2.214     -1
    18.5  0.9318      1
    18.5   1.545     -1
    19.5  0.4239      1
    19.5   1.070     -1
    20.5  0.4455      1
    20.5  0.7372     -1
    21.5  0.1998      1
    21.5  0.5055     -1
    22.5  0.2090      1
    22.5  0.3454     -1
    23.5  0.9282E-01  1
    23.5  0.2352     -1
    24.5  0.9670E-01  1
