     0.5   8.029      1
     0.5   16.15     -1
     1.5   24.02      1
     1.5   48.32     -1
     2.5   34.14      1
     2.5   70.62     -1
     3.5   44.15      1
     3.5   84.74     -1
     4.5   42.08      1
     4.5   83.47     -1
     5.5   34.58      1
     5.5   64.35     -1
     6.5   15.18      1
     6.5   37.31     -1
     7.5   10.71      1
     7.5   17.53     -1
     8.5   2.942      1
     8.5   7.610     -1
     9.5   1.974      1
     9.5   3.218     -1
    10.5  0.5193      1
    10.5   1.343     -1
