     0.0  0.1994      1
     0.0  0.3999     -1
     1.0   1.799      1
     1.0   3.595     -1
     2.0   3.973      1
     2.0   7.951     -1
     3.0   5.514      1
     3.0   11.02     -1
     4.0   6.975      1
     4.0   13.96     -1
     5.0   8.379      1
     5.0   16.74     -1
     6.0   9.620      1
     6.0   19.28     -1
     7.0   10.78      1
     7.0   21.50     -1
     8.0   11.61      1
     8.0   23.31     -1
     9.0   12.35      1
     9.0   24.59     -1
    10.0   12.55      1
    10.0   25.22     -1
    11.0   12.60      1
    11.0   25.08     -1
    12.0   12.00      1
    12.0   24.09     -1
    13.0   11.14      1
    13.0   22.27     -1
    14.0   9.933      1
    14.0   19.80     -1
    15.0   8.378      1
    15.0   16.90     -1
    16.0   7.050      1
    16.0   13.90     -1
    17.0   5.424      1
    17.0   11.06     -1
    18.0   4.378      1
    18.0   8.555     -1
    19.0   3.148      1
    19.0   6.471     -1
    20.0   2.475      1
    20.0   4.809     -1
    21.0   1.708      1
    21.0   3.527     -1
    22.0   1.322      1
    22.0   2.561     -1
    23.0  0.8916      1
    23.0   1.845     -1
    24.0  0.6836      1
    24.0   1.322     -1
    25.0  0.4548      1
