     0.0   1.792      1
     0.0   3.584     -1
     1.0   10.72      1
     1.0   21.46     -1
     2.0   17.77      1
     2.0   35.51     -1
     3.0   24.50      1
     3.0   49.06     -1
     4.0   31.20      1
     4.0   60.60     -1
     5.0   30.97      1
     5.0   65.18     -1
     6.0   28.99      1
     6.0   57.83     -1
     7.0   22.17      1
     7.0   41.53     -1
     8.0   11.25      1
     8.0   25.23     -1
     9.0   7.836      1
     9.0   13.93     -1
    10.0   3.196      1
    10.0   7.348     -1
    11.0   2.142      1
    11.0   3.785     -1
    12.0  0.8331      1
    12.0   1.922     -1
    13.0  0.5476      1
    13.0  0.9661     -1
    14.0  0.2085      1
    14.0  0.4817     -1
