     0.0   5.517      1
     0.0   11.10     -1
     1.0   33.01      1
     1.0   66.49     -1
     2.0   54.38      1
     2.0   111.4     -1
     3.0   61.50      1
     3.0   143.9     -1
     4.0   64.45      1
     4.0   128.0     -1
     5.0   44.99      1
     5.0   70.31     -1
     6.0   8.586      1
     6.0   25.23     -1
     7.0   5.427      1
     7.0   8.283     -1
     8.0  0.9386      1
     8.0   2.700     -1
     9.0  0.5696      1
     9.0  0.8741     -1
    10.0  0.9750E-01  1
