     0.0   1.941      1
     0.0   3.908     -1
     1.0   17.41      1
     1.0   35.19     -1
     2.0   37.27      1
     2.0   76.79     -1
     3.0   50.93      1
     3.0   98.58     -1
     4.0   53.43      1
     4.0   105.1     -1
     5.0   51.12      1
     5.0   95.72     -1
     6.0   36.85      1
     6.0   69.39     -1
     7.0   13.69      1
     7.0   35.84     -1
     8.0   8.911      1
     8.0   14.22     -1
     9.0   2.047      1
     9.0   5.409     -1
    10.0   1.275      1
    10.0   2.062     -1
