     0.0   1.732      1
     0.0   3.387     -1
     1.0   15.42      1
     1.0   30.36     -1
     2.0   34.24      1
     2.0   67.52     -1
     3.0   47.27      1
     3.0   95.05     -1
     4.0   57.61      1
     4.0   121.3     -1
     5.0   68.87      1
     5.0   136.1     -1
     6.0   62.65      1
     6.0   130.2     -1
     7.0   52.20      1
     7.0   104.0     -1
     8.0   36.16      1
     8.0   63.99     -1
     9.0   11.41      1
     9.0   29.43     -1
    10.0   7.072      1
    10.0   11.17     -1
    11.0   1.388      1
    11.0   3.865     -1
