     0.5   3.277      1
     0.5   6.528     -1
     1.5   6.374      1
     1.5   12.86     -1
     2.5   9.508      1
     2.5   18.74     -1
     3.5   11.61      1
     3.5   23.84     -1
     4.5   14.50      1
     4.5   27.71     -1
     5.5   13.78      1
     5.5   29.88     -1
     6.5   16.65      1
     6.5   29.85     -1
     7.5   11.60      1
     7.5   27.44     -1
     8.5   13.72      1
     8.5   23.11     -1
     9.5   7.046      1
     9.5   17.93     -1
    10.5   8.004      1
    10.5   12.99     -1
    11.5   3.366      1
    11.5   8.921     -1
    12.5   3.698      1
    12.5   5.899     -1
    13.5   1.408      1
    13.5   3.799     -1
    14.5   1.516      1
    14.5   2.403     -1
    15.5  0.5523      1
    15.5   1.501     -1
    16.5  0.5878      1
    16.5  0.9292     -1
    17.5  0.2097      1
    17.5  0.5715     -1
    18.5  0.2215      1
    18.5  0.3498     -1
    19.5  0.7811E-01  1
    19.5  0.2131     -1
    20.5  0.8203E-01  1
