     0.0   2.234      1
     0.0   4.269     -1
     1.0   19.81      1
     1.0   38.20     -1
     2.0   44.77      1
     2.0   85.81     -1
     3.0   62.40      1
     3.0   121.8     -1
     4.0   72.24      1
     4.0   153.1     -1
     5.0   80.81      1
     5.0   162.7     -1
     6.0   66.92      1
     6.0   143.7     -1
     7.0   47.51      1
     7.0   101.8     -1
     8.0   31.14      1
     8.0   50.31     -1
     9.0   6.248      1
     9.0   18.13     -1
    10.0   3.747      1
    10.0   5.615     -1
