     0.0  0.3551      1
     0.0  0.7127     -1
     1.0   3.206      1
     1.0   6.404     -1
     2.0   7.059      1
     2.0   14.13     -1
     3.0   9.753      1
     3.0   19.48     -1
     4.0   12.20      1
     4.0   24.46     -1
     5.0   14.50      1
     5.0   28.89     -1
     6.0   16.16      1
     6.0   32.51     -1
     7.0   17.66      1
     7.0   35.03     -1
     8.0   17.89      1
     8.0   36.11     -1
     9.0   17.86      1
     9.0   35.47     -1
    10.0   16.48      1
    10.0   33.02     -1
    11.0   14.42      1
    11.0   29.02     -1
    12.0   12.20      1
    12.0   24.03     -1
    13.0   9.164      1
    13.0   18.81     -1
    14.0   7.233      1
    14.0   13.99     -1
    15.0   4.782      1
    15.0   9.978     -1
    16.0   3.607      1
    16.0   6.891     -1
    17.0   2.205      1
    17.0   4.646     -1
    18.0   1.622      1
    18.0   3.079     -1
    19.0  0.9526      1
    19.0   2.016     -1
    20.0  0.6914      1
    20.0   1.309     -1
