     0.0   3.169      1
     1.0   9.504     -1
     2.0   15.83      1
     3.0   22.15     -1
     4.0   28.45      1
     5.0   34.73     -1
     6.0   40.98      1
     7.0   47.20     -1
     8.0   53.39      1
     9.0   59.51     -1
    10.0   65.53      1
    11.0   71.49     -1
    12.0   76.19      1
    13.0   75.75     -1
    14.0   67.31      1
    15.0   53.51     -1
    16.0   39.24      1
    17.0   27.39     -1
    18.0   18.59      1
    19.0   12.40     -1
    20.0   8.196      1
    21.0   5.380     -1
    22.0   3.515      1
    23.0   2.288     -1
    24.0   1.485      1
    25.0  0.9619     -1
    26.0  0.6215      1
    27.0  0.4007     -1
    28.0  0.2579      1
    29.0  0.1657     -1
    30.0  0.1063      1
    31.0  0.6810E-01 -1
    32.0  0.4357E-01  1
    33.0  0.2784E-01 -1
