     0.5   12.82      1
     0.5   25.76     -1
     1.5   25.45      1
     1.5   51.32     -1
     2.5   38.18      1
     2.5   77.03     -1
     3.5   50.10      1
     3.5   101.9     -1
     4.5   62.63      1
     4.5   102.7     -1
     5.5   21.32      1
     5.5   69.42     -1
     6.5   24.87      1
     6.5   34.59     -1
     7.5   4.219      1
     7.5   15.32     -1
     8.5   4.746      1
     8.5   6.541     -1
     9.5  0.7523      1
     9.5   2.746     -1
    10.5  0.8275      1
    10.5   1.139     -1
    11.5  0.1278      1
    11.5  0.4678     -1
    12.5  0.1384      1
    12.5  0.1903     -1
    13.5  0.2092E-01  1
    13.5  0.7682E-01 -1
