     0.0  0.7656      1
     0.0   1.537     -1
     1.0   6.905      1
     1.0   13.80     -1
     2.0   15.16      1
     2.0   30.38     -1
     3.0   20.86      1
     3.0   41.54     -1
     4.0   25.56      1
     4.0   51.46     -1
     5.0   30.12      1
     5.0   59.44     -1
     6.0   31.55      1
     6.0   64.20     -1
     7.0   32.48      1
     7.0   64.10     -1
     8.0   29.00      1
     8.0   58.23     -1
     9.0   23.24      1
     9.0   47.31     -1
    10.0   17.82      1
    10.0   33.97     -1
    11.0   9.965      1
    11.0   21.66     -1
    12.0   6.919      1
    12.0   12.55     -1
    13.0   3.011      1
    13.0   6.816     -1
    14.0   2.000      1
    14.0   3.560     -1
    15.0  0.7958      1
    15.0   1.822     -1
