     0.0   1.931      1
     0.0   3.865     -1
     1.0   11.56      1
     1.0   23.14     -1
     2.0   19.16      1
     2.0   38.30     -1
     3.0   26.43      1
     3.0   52.94     -1
     4.0   33.72      1
     4.0   65.06     -1
     5.0   32.54      1
     5.0   68.61     -1
     6.0   28.99      1
     6.0   58.61     -1
     7.0   21.74      1
     7.0   40.10     -1
     8.0   10.22      1
     8.0   23.27     -1
     9.0   7.029      1
     9.0   12.39     -1
    10.0   2.726      1
    10.0   6.334     -1
    11.0   1.810      1
    11.0   3.173     -1
    12.0  0.6739      1
    12.0   1.570     -1
    13.0  0.4389      1
    13.0  0.7689     -1
    14.0  0.1602      1
