     0.0   2.546      1
     0.0   5.108     -1
     1.0   15.24      1
     1.0   30.58     -1
     2.0   25.26      1
     2.0   50.72     -1
     3.0   34.74      1
     3.0   70.13     -1
     4.0   44.61      1
     4.0   83.44     -1
     5.0   38.37      1
     5.0   79.51     -1
     6.0   26.24      1
     6.0   57.26     -1
     7.0   18.51      1
     7.0   32.17     -1
     8.0   6.566      1
     8.0   15.82     -1
     9.0   4.335      1
     9.0   7.387     -1
    10.0   1.393      1
    10.0   3.374     -1
    11.0  0.8933      1
    11.0   1.521     -1
    12.0  0.2799      1
    12.0  0.6787     -1
    13.0  0.1765      1
    13.0  0.3002     -1
