     0.5   1.913      1
     0.5   3.813     -1
     1.5   3.747      1
     1.5   7.542     -1
     2.5   5.606      1
     2.5   11.10     -1
     3.5   7.073      1
     3.5   14.37     -1
     4.5   8.809      1
     4.5   17.22     -1
     5.5   9.394      1
     5.5   19.47     -1
     6.5   11.01      1
     6.5   20.93     -1
     7.5   9.906      1
     7.5   21.39     -1
     8.5   11.39      1
     8.5   20.72     -1
     9.5   8.289      1
     9.5   18.94     -1
    10.5   9.368      1
    10.5   16.33     -1
    11.5   5.559      1
    11.5   13.34     -1
    12.5   6.140      1
    12.5   10.40     -1
    13.5   3.162      1
    13.5   7.817     -1
    14.5   3.422      1
    14.5   5.711     -1
    15.5   1.627      1
    15.5   4.085     -1
    16.5   1.737      1
    16.5   2.877     -1
    17.5  0.7917      1
    17.5   2.003     -1
    18.5  0.8374      1
    18.5   1.383     -1
    19.5  0.3731      1
    19.5  0.9478     -1
    20.5  0.3921      1
    20.5  0.6462     -1
    21.5  0.1724      1
    21.5  0.4387     -1
    22.5  0.1802      1
    22.5  0.2967     -1
    23.5  0.7849E-01  1
    23.5  0.2001     -1
    24.5  0.8177E-01  1
