     0.5   6.701      1
     0.5   13.47     -1
     1.5   20.05      1
     1.5   40.23     -1
     2.5   28.99      1
     2.5   59.15     -1
     3.5   37.96      1
     3.5   72.88     -1
     4.5   37.55      1
     4.5   75.60     -1
     5.5   33.09      1
     5.5   63.79     -1
     6.5   18.19      1
     6.5   42.08     -1
     7.5   13.29      1
     7.5   22.39     -1
     8.5   4.270      1
     8.5   10.68     -1
     9.5   2.942      1
     9.5   4.890     -1
    10.5  0.8755      1
    10.5   2.198     -1
    11.5  0.5878      1
