     0.5   2.067      1
     0.5   4.120     -1
     1.5   4.044      1
     1.5   8.144     -1
     2.5   6.050      1
     2.5   11.97     -1
     3.5   7.605      1
     3.5   15.47     -1
     4.5   9.469      1
     4.5   18.47     -1
     5.5   9.979      1
     5.5   20.77     -1
     6.5   11.72      1
     6.5   22.15     -1
     7.5   10.26      1
     7.5   22.37     -1
     8.5   11.84      1
     8.5   21.32     -1
     9.5   8.248      1
     9.5   19.11     -1
    10.5   9.342      1
    10.5   16.12     -1
    11.5   5.293      1
    11.5   12.87     -1
    12.5   5.846      1
    12.5   9.819     -1
    13.5   2.891      1
    13.5   7.230     -1
    14.5   3.127      1
    14.5   5.182     -1
    15.5   1.436      1
    15.5   3.642     -1
    16.5   1.532      1
    16.5   2.522     -1
    17.5  0.6767      1
    17.5   1.728     -1
    18.5  0.7155      1
    18.5   1.175     -1
    19.5  0.3095      1
    19.5  0.7932     -1
    20.5  0.3252      1
    20.5  0.5329     -1
    21.5  0.1389      1
    21.5  0.3566     -1
    22.5  0.1452      1
    22.5  0.2377     -1
    23.5  0.6146E-01  1
    23.5  0.1580     -1
