     0.0   1.728      1
     0.0   3.472     -1
     1.0   15.50      1
     1.0   31.23     -1
     2.0   33.55      1
     2.0   68.46     -1
     3.0   46.27      1
     3.0   89.34     -1
     4.0   49.30      1
     4.0   97.62     -1
     5.0   48.08      1
     5.0   91.69     -1
     6.0   35.88      1
     6.0   70.73     -1
     7.0   16.45      1
     7.0   40.63     -1
     8.0   10.89      1
     8.0   17.72     -1
     9.0   2.778      1
     9.0   7.162     -1
    10.0   1.753      1
    10.0   2.878     -1
