     0.0  0.3379      1
     0.0  0.6781     -1
     1.0   3.050      1
     1.0   6.093     -1
     2.0   6.717      1
     2.0   13.45     -1
     3.0   9.285      1
     3.0   18.55     -1
     4.0   11.63      1
     4.0   23.31     -1
     5.0   13.84      1
     5.0   27.58     -1
     6.0   15.47      1
     6.0   31.12     -1
     7.0   16.96      1
     7.0   33.66     -1
     8.0   17.30      1
     8.0   34.90     -1
     9.0   17.41      1
     9.0   34.57     -1
    10.0   16.22      1
    10.0   32.54     -1
    11.0   14.44      1
    11.0   28.99     -1
    12.0   12.35      1
    12.0   24.39     -1
    13.0   9.494      1
    13.0   19.42     -1
    14.0   7.576      1
    14.0   14.70     -1
    15.0   5.133      1
    15.0   10.67     -1
    16.0   3.908      1
    16.0   7.491     -1
    17.0   2.443      1
    17.0   5.129     -1
    18.0   1.811      1
    18.0   3.449     -1
    19.0   1.085      1
    19.0   2.289     -1
    20.0  0.7929      1
    20.0   1.505     -1
