     0.0   2.452      1
     0.0   4.917     -1
     1.0   14.68      1
     1.0   29.44     -1
     2.0   24.33      1
     2.0   48.81     -1
     3.0   33.49      1
     3.0   67.50     -1
     4.0   42.98      1
     4.0   80.74     -1
     5.0   37.50      1
     5.0   78.07     -1
     6.0   26.67      1
     6.0   57.55     -1
     7.0   18.94      1
     7.0   33.16     -1
     8.0   6.956      1
     8.0   16.64     -1
     9.0   4.616      1
     9.0   7.900     -1
    10.0   1.522      1
    10.0   3.664     -1
    11.0  0.9802      1
    11.0   1.676     -1
    12.0  0.3149      1
    12.0  0.7590     -1
    13.0  0.1994      1
    13.0  0.3407     -1
