     0.0   3.556      1
     0.0   7.159     -1
     1.0   21.27      1
     1.0   42.85     -1
     2.0   35.20      1
     2.0   71.44     -1
     3.0   46.78      1
     3.0   97.76     -1
     4.0   59.06      1
     4.0   107.3     -1
     5.0   44.96      1
     5.0   84.64     -1
     6.0   18.71      1
     6.0   46.51     -1
     7.0   12.47      1
     7.0   20.37     -1
     8.0   3.224      1
     8.0   8.327     -1
     9.0   2.042      1
     9.0   3.335     -1
    10.0  0.5121      1
    10.0   1.320     -1
    11.0  0.3164      1
    11.0  0.5169     -1
