     0.0   3.146      1
     0.0   6.327     -1
     1.0   18.83      1
     1.0   37.87     -1
     2.0   31.18      1
     2.0   63.00     -1
     3.0   42.23      1
     3.0   86.74     -1
     4.0   53.98      1
     4.0   98.69     -1
     5.0   42.74      1
     5.0   84.14     -1
     6.0   21.75      1
     6.0   51.44     -1
     7.0   14.77      1
     7.0   24.65     -1
     8.0   4.275      1
     8.0   10.76     -1
     9.0   2.747      1
     9.0   4.559     -1
    10.0  0.7571      1
    10.0   1.904     -1
    11.0  0.4739      1
    11.0  0.7866     -1
    12.0  0.1279      1
