     0.0   1.818      1
     0.0   3.638     -1
     1.0   10.88      1
     1.0   21.78     -1
     2.0   18.04      1
     2.0   36.03     -1
     3.0   24.87      1
     3.0   49.79     -1
     4.0   31.67      1
     4.0   61.45     -1
     5.0   31.27      1
     5.0   65.86     -1
     6.0   29.02      1
     6.0   58.02     -1
     7.0   22.10      1
     7.0   41.28     -1
     8.0   11.05      1
     8.0   24.86     -1
     9.0   7.677      1
     9.0   13.63     -1
    10.0   3.101      1
    10.0   7.144     -1
    11.0   2.075      1
    11.0   3.660     -1
    12.0  0.8000      1
    12.0   1.849     -1
    13.0  0.5249      1
    13.0  0.9248     -1
    14.0  0.1983      1
