     0.0  0.3005      1
     0.0  0.6029     -1
     1.0   2.712      1
     1.0   5.418     -1
     2.0   5.977      1
     2.0   11.97     -1
     3.0   8.270      1
     3.0   16.52     -1
     4.0   10.39      1
     4.0   20.81     -1
     5.0   12.39      1
     5.0   24.71     -1
     6.0   13.96      1
     6.0   28.04     -1
     7.0   15.39      1
     7.0   30.59     -1
     8.0   15.94      1
     8.0   32.12     -1
     9.0   16.31      1
     9.0   32.39     -1
    10.0   15.54      1
    10.0   31.23     -1
    11.0   14.33      1
    11.0   28.66     -1
    12.0   12.58      1
    12.0   24.98     -1
    13.0   10.18      1
    13.0   20.66     -1
    14.0   8.326      1
    14.0   16.28     -1
    15.0   5.959      1
    15.0   12.29     -1
    16.0   4.639      1
    16.0   8.957     -1
    17.0   3.049      1
    17.0   6.353     -1
    18.0   2.303      1
    18.0   4.415     -1
    19.0   1.442      1
    19.0   3.022     -1
    20.0   1.071      1
    20.0   2.046     -1
    21.0  0.6540      1
    21.0   1.374     -1
