     0.5   9.322      1
     0.5   18.74     -1
     1.5   27.88      1
     1.5   56.16     -1
     2.5   38.76      1
     2.5   81.41     -1
     3.5   49.13      1
     3.5   95.03     -1
     4.5   45.22      1
     4.5   89.06     -1
     5.5   35.34      1
     5.5   63.00     -1
     6.5   12.52      1
     6.5   32.42     -1
     7.5   8.609      1
     7.5   13.79     -1
     8.5   2.086      1
     8.5   5.553     -1
     9.5   1.371      1
     9.5   2.198     -1
    10.5  0.3237      1
    10.5  0.8604     -1
