     0.0   1.302      1
     0.0   2.597     -1
     1.0   11.67      1
     1.0   23.33     -1
     2.0   25.65      1
     2.0   51.49     -1
     3.0   35.34      1
     3.0   71.34     -1
     4.0   44.07      1
     4.0   90.29     -1
     5.0   53.69      1
     5.0   104.5     -1
     6.0   52.53      1
     6.0   107.2     -1
     7.0   48.65      1
     7.0   95.22     -1
     8.0   36.72      1
     8.0   70.56     -1
     9.0   18.26      1
     9.0   41.74     -1
    10.0   11.95      1
    10.0   20.23     -1
    11.0   3.411      1
    11.0   8.637     -1
    12.0   2.110      1
    12.0   3.455     -1
