     0.0   2.407      1
     1.0   7.219     -1
     2.0   12.03      1
     3.0   16.82     -1
     4.0   21.60      1
     5.0   26.36     -1
     6.0   31.10      1
     7.0   35.80     -1
     8.0   40.47      1
     9.0   45.08     -1
    10.0   49.61      1
    11.0   54.02     -1
    12.0   58.19      1
    13.0   61.58     -1
    14.0   62.60      1
    15.0   59.43     -1
    16.0   52.00      1
    17.0   42.23     -1
    18.0   32.41      1
    19.0   23.93     -1
    20.0   17.23      1
    21.0   12.20     -1
    22.0   8.549      1
    23.0   5.945     -1
    24.0   4.112      1
    25.0   2.833     -1
    26.0   1.945      1
    27.0   1.332     -1
    28.0  0.9106      1
    29.0  0.6212     -1
    30.0  0.4230      1
    31.0  0.2876     -1
    32.0  0.1952      1
    33.0  0.1324     -1
    34.0  0.8963E-01  1
    35.0  0.6062E-01 -1
    36.0  0.4096E-01  1
