     0.0   4.776      1
     0.0   9.621     -1
     1.0   28.57      1
     1.0   57.61     -1
     2.0   47.12      1
     2.0   96.52     -1
     3.0   57.08      1
     3.0   127.9     -1
     4.0   65.67      1
     4.0   123.4     -1
     5.0   46.78      1
     5.0   77.37     -1
     6.0   11.42      1
     6.0   31.88     -1
     7.0   7.326      1
     7.0   11.42     -1
     8.0   1.448      1
     8.0   4.010     -1
     9.0  0.8900      1
     9.0   1.395     -1
    10.0  0.1741      1
