     0.0   2.758      1
     0.0   5.539     -1
     1.0   16.51      1
     1.0   33.16     -1
     2.0   27.36      1
     2.0   55.05     -1
     3.0   37.48      1
     3.0   76.05     -1
     4.0   48.13      1
     4.0   89.18     -1
     5.0   40.06      1
     5.0   81.76     -1
     6.0   24.72      1
     6.0   55.52     -1
     7.0   17.17      1
     7.0   29.37     -1
     8.0   5.632      1
     8.0   13.79     -1
     9.0   3.679      1
     9.0   6.207     -1
    10.0   1.117      1
    10.0   2.742     -1
    11.0  0.7095      1
    11.0   1.197     -1
    12.0  0.2105      1
    12.0  0.5172     -1
