     0.5   3.746      1
     0.5   7.502     -1
     1.5   11.21      1
     1.5   22.37     -1
     2.5   16.45      1
     2.5   33.05     -1
     3.5   21.64      1
     3.5   42.54     -1
     4.5   23.92      1
     4.5   49.06     -1
     5.5   25.62      1
     5.5   50.27     -1
     6.5   21.58      1
     6.5   44.71     -1
     7.5   18.28      1
     7.5   33.93     -1
     8.5   9.888      1
     8.5   22.31     -1
     9.5   7.533      1
     9.5   13.30     -1
    10.5   3.230      1
    10.5   7.516     -1
    11.5   2.359      1
    11.5   4.126     -1
    12.5  0.9518      1
    12.5   2.227     -1
    13.5  0.6810      1
    13.5   1.189     -1
    14.5  0.2685      1
    14.5  0.6292     -1
