     0.5   16.30      1
     0.5   32.84     -1
     1.5   32.24      1
     1.5   65.32     -1
     2.5   48.36      1
     2.5   99.16     -1
     3.5   59.24      1
     3.5   127.0     -1
     4.5   74.05      1
     4.5   109.7     -1
     5.5   15.30      1
     5.5   58.08     -1
     6.5   17.84      1
     6.5   23.90     -1
     7.5   2.341      1
     7.5   9.259     -1
     8.5   2.634      1
     8.5   3.526     -1
     9.5  0.3357      1
     9.5   1.327     -1
    10.5  0.3693      1
    10.5  0.4940     -1
    11.5  0.4589E-01  1
    11.5  0.1820     -1
    12.5  0.4972E-01  1
