     0.5   2.445      1
     0.5   4.872     -1
     1.5   4.773      1
     1.5   9.617     -1
     2.5   7.134      1
     2.5   14.10     -1
     3.5   8.886      1
     3.5   18.12     -1
     4.5   11.06      1
     4.5   21.45     -1
     5.5   11.31      1
     5.5   23.81     -1
     6.5   13.39      1
     6.5   24.88     -1
     7.5   10.91      1
     7.5   24.41     -1
     8.5   12.71      1
     8.5   22.36     -1
     9.5   7.992      1
     9.5   19.12     -1
    10.5   9.080      1
    10.5   15.32     -1
    11.5   4.640      1
    11.5   11.62     -1
    12.5   5.119      1
    12.5   8.442     -1
    13.5   2.313      1
    13.5   5.936     -1
    14.5   2.498      1
    14.5   4.076     -1
    15.5   1.060      1
    15.5   2.751     -1
    16.5   1.130      1
    16.5   1.834     -1
    17.5  0.4644      1
    17.5   1.212     -1
    18.5  0.4908      1
    18.5  0.7950     -1
    19.5  0.1982      1
    19.5  0.5187     -1
    20.5  0.2082      1
    20.5  0.3369     -1
    21.5  0.8317E-01  1
    21.5  0.2180     -1
    22.5  0.8697E-01  1
