     0.5   2.340      1
     0.5   4.664     -1
     1.5   4.571      1
     1.5   9.210     -1
     2.5   6.834      1
     2.5   13.51     -1
     3.5   8.534      1
     3.5   17.39     -1
     4.5   10.62      1
     4.5   20.64     -1
     5.5   10.95      1
     5.5   22.99     -1
     6.5   12.94      1
     6.5   24.16     -1
     7.5   10.75      1
     7.5   23.89     -1
     8.5   12.50      1
     8.5   22.13     -1
     9.5   8.081      1
     9.5   19.16     -1
    10.5   9.175      1
    10.5   15.57     -1
    11.5   4.819      1
    11.5   11.97     -1
    12.5   5.318      1
    12.5   8.812     -1
    13.5   2.461      1
    13.5   6.273     -1
    14.5   2.660      1
    14.5   4.357     -1
    15.5   1.152      1
    15.5   2.973     -1
    16.5   1.229      1
    16.5   2.002     -1
    17.5  0.5149      1
    17.5   1.336     -1
    18.5  0.5442      1
    18.5  0.8846     -1
    19.5  0.2239      1
    19.5  0.5825     -1
    20.5  0.2352      1
    20.5  0.3818     -1
    21.5  0.9565E-01  1
    21.5  0.2493     -1
    22.5  0.1000      1
    22.5  0.1622     -1
