     0.0   2.026      1
     0.0   4.056     -1
     1.0   12.13      1
     1.0   24.28     -1
     2.0   20.10      1
     2.0   40.20     -1
     3.0   27.73      1
     3.0   55.58     -1
     4.0   35.43      1
     4.0   68.01     -1
     5.0   33.49      1
     5.0   70.63     -1
     6.0   28.70      1
     6.0   58.66     -1
     7.0   21.26      1
     7.0   38.77     -1
     8.0   9.480      1
     8.0   21.81     -1
     9.0   6.471      1
     9.0   11.33     -1
    10.0   2.428      1
    10.0   5.681     -1
    11.0   1.602      1
    11.0   2.795     -1
    12.0  0.5799      1
    12.0   1.359     -1
    13.0  0.3756      1
    13.0  0.6547     -1
    14.0  0.1334      1
