     0.5   2.243      1
     0.5   4.470     -1
     1.5   4.384      1
     1.5   8.830     -1
     2.5   6.555      1
     2.5   12.96     -1
     3.5   8.205      1
     3.5   16.71     -1
     4.5   10.21      1
     4.5   19.87     -1
     5.5   10.62      1
     5.5   22.21     -1
     6.5   12.51      1
     6.5   23.46     -1
     7.5   10.59      1
     7.5   23.38     -1
     8.5   12.29      1
     8.5   21.88     -1
     9.5   8.152      1
     9.5   19.18     -1
    10.5   9.250      1
    10.5   15.78     -1
    11.5   4.987      1
    11.5   12.30     -1
    12.5   5.506      1
    12.5   9.166     -1
    13.5   2.607      1
    13.5   6.601     -1
    14.5   2.819      1
    14.5   4.636     -1
    15.5   1.246      1
    15.5   3.195     -1
    16.5   1.329      1
    16.5   2.173     -1
    17.5  0.5672      1
    17.5   1.463     -1
    18.5  0.5996      1
    18.5  0.9779     -1
    19.5  0.2510      1
    19.5  0.6496     -1
    20.5  0.2637      1
    20.5  0.4295     -1
    21.5  0.1091      1
    21.5  0.2828     -1
    22.5  0.1141      1
    22.5  0.1856     -1
    23.5  0.4679E-01  1
    23.5  0.1215     -1
