     0.0  0.4422      1
     0.0  0.8877     -1
     1.0   3.992      1
     1.0   7.974     -1
     2.0   8.780      1
     2.0   17.58     -1
     3.0   12.11      1
     3.0   24.17     -1
     4.0   15.05      1
     4.0   30.21     -1
     5.0   17.81      1
     5.0   35.40     -1
     6.0   19.49      1
     6.0   39.35     -1
     7.0   21.01      1
     7.0   41.57     -1
     8.0   20.61      1
     8.0   41.61     -1
     9.0   19.69      1
     9.0   39.22     -1
    10.0   17.38      1
    10.0   34.58     -1
    11.0   13.95      1
    11.0   28.41     -1
    12.0   11.22      1
    12.0   21.77     -1
    13.0   7.503      1
    13.0   15.68     -1
    14.0   5.639      1
    14.0   10.72     -1
    15.0   3.313      1
    15.0   7.045     -1
    16.0   2.397      1
    16.0   4.504     -1
    17.0   1.318      1
    17.0   2.826     -1
    18.0  0.9356      1
    18.0   1.751     -1
    19.0  0.5003      1
