     0.5   4.716      1
     0.5   9.454     -1
     1.5   14.12      1
     1.5   28.20     -1
     2.5   20.67      1
     2.5   41.62     -1
     3.5   27.21      1
     3.5   52.99     -1
     4.5   28.87      1
     4.5   59.20     -1
     5.5   29.03      1
     5.5   57.07     -1
     6.5   21.64      1
     6.5   46.02     -1
     7.5   17.19      1
     7.5   30.77     -1
     8.5   7.590      1
     8.5   17.82     -1
     9.5   5.539      1
     9.5   9.549     -1
    10.5   2.061      1
    10.5   4.929     -1
    11.5   1.454      1
    11.5   2.496     -1
    12.5  0.5204      1
    12.5   1.248     -1
    13.5  0.3608      1
