     0.0   3.752      1
     0.0   7.556     -1
     1.0   22.44      1
     1.0   45.23     -1
     2.0   37.11      1
     2.0   75.48     -1
     3.0   48.69      1
     3.0   102.8     -1
     4.0   60.84      1
     4.0   110.5     -1
     5.0   45.57      1
     5.0   83.69     -1
     6.0   17.10      1
     6.0   43.55     -1
     7.0   11.31      1
     7.0   18.30     -1
     8.0   2.781      1
     8.0   7.270     -1
     9.0   1.751      1
     9.0   2.839     -1
    10.0  0.4207      1
    10.0   1.097     -1
    11.0  0.2586      1
    11.0  0.4194     -1
