     0.5   3.776      1
     0.5   7.522     -1
     1.5   7.334      1
     1.5   14.80     -1
     2.5   10.92      1
     2.5   21.51     -1
     3.5   13.19      1
     3.5   27.20     -1
     4.5   16.53      1
     4.5   31.30     -1
     5.5   15.05      1
     5.5   33.22     -1
     6.5   18.40      1
     6.5   32.34     -1
     7.5   11.73      1
     7.5   28.61     -1
     8.5   13.93      1
     8.5   22.95     -1
     9.5   6.409      1
     9.5   16.86     -1
    10.5   7.261      1
    10.5   11.55     -1
    11.5   2.751      1
    11.5   7.520     -1
    12.5   3.014      1
    12.5   4.728     -1
    13.5   1.047      1
    13.5   2.904     -1
    14.5   1.126      1
    14.5   1.757     -1
    15.5  0.3776      1
    15.5   1.053     -1
    16.5  0.4016      1
    16.5  0.6259     -1
    17.5  0.1326      1
    17.5  0.3703     -1
    18.5  0.1400      1
    18.5  0.2181     -1
    19.5  0.4583E-01  1
    19.5  0.1280     -1
