     0.0  0.4294      1
     0.0  0.8619     -1
     1.0   3.876      1
     1.0   7.743     -1
     2.0   8.527      1
     2.0   17.07     -1
     3.0   11.76      1
     3.0   23.48     -1
     4.0   14.64      1
     4.0   29.37     -1
     5.0   17.33      1
     5.0   34.45     -1
     6.0   19.01      1
     6.0   38.36     -1
     7.0   20.53      1
     7.0   40.64     -1
     8.0   20.23      1
     8.0   40.85     -1
     9.0   19.45      1
     9.0   38.74     -1
    10.0   17.29      1
    10.0   34.42     -1
    11.0   14.05      1
    11.0   28.56     -1
    12.0   11.38      1
    12.0   22.14     -1
    13.0   7.741      1
    13.0   16.13     -1
    14.0   5.856      1
    14.0   11.16     -1
    15.0   3.500      1
    15.0   7.421     -1
    16.0   2.546      1
    16.0   4.796     -1
    17.0   1.421      1
    17.0   3.039     -1
    18.0   1.014      1
    18.0   1.901     -1
    19.0  0.5494      1
    19.0   1.179     -1
