     0.0  0.8870      1
     0.0   1.781     -1
     1.0   7.995      1
     1.0   16.00     -1
     2.0   17.56      1
     2.0   35.22     -1
     3.0   24.16      1
     3.0   48.18     -1
     4.0   29.70      1
     4.0   59.81     -1
     5.0   35.21      1
     5.0   69.19     -1
     6.0   36.42      1
     6.0   74.25     -1
     7.0   36.81      1
     7.0   72.58     -1
     8.0   31.64      1
     8.0   63.34     -1
     9.0   23.34      1
     9.0   48.27     -1
    10.0   17.06      1
    10.0   31.72     -1
    11.0   8.129      1
    11.0   18.28     -1
    12.0   5.432      1
    12.0   9.588     -1
    13.0   2.030      1
    13.0   4.747     -1
    14.0   1.311      1
    14.0   2.281     -1
