     0.5   2.679      1
     0.5   5.337     -1
     1.5   5.224      1
     1.5   10.53     -1
     2.5   7.803      1
     2.5   15.41     -1
     3.5   9.666      1
     3.5   19.75     -1
     4.5   12.04      1
     4.5   23.25     -1
     5.5   12.06      1
     5.5   25.60     -1
     6.5   14.36      1
     6.5   26.41     -1
     7.5   11.19      1
     7.5   25.44     -1
     8.5   13.11      1
     8.5   22.75     -1
     9.5   7.760      1
     9.5   18.91     -1
    10.5   8.823      1
    10.5   14.71     -1
    11.5   4.252      1
    11.5   10.83     -1
    12.5   4.687      1
    12.5   7.650     -1
    13.5   2.012      1
    13.5   5.240     -1
    14.5   2.171      1
    14.5   3.511     -1
    15.5  0.8804      1
    15.5   2.316     -1
    16.5  0.9379      1
    16.5   1.511     -1
    17.5  0.3697      1
    17.5  0.9771     -1
    18.5  0.3906      1
    18.5  0.6280     -1
    19.5  0.1516      1
    19.5  0.4015     -1
    20.5  0.1592      1
    20.5  0.2557     -1
    21.5  0.6117E-01  1
    21.5  0.1622     -1
