     0.5   2.290      1
     0.5   4.565     -1
     1.5   4.476      1
     1.5   9.017     -1
     2.5   6.692      1
     2.5   13.23     -1
     3.5   8.367      1
     3.5   17.04     -1
     4.5   10.42      1
     4.5   20.25     -1
     5.5   10.78      1
     5.5   22.59     -1
     6.5   12.72      1
     6.5   23.81     -1
     7.5   10.67      1
     7.5   23.64     -1
     8.5   12.40      1
     8.5   22.01     -1
     9.5   8.119      1
     9.5   19.17     -1
    10.5   9.215      1
    10.5   15.68     -1
    11.5   4.904      1
    11.5   12.14     -1
    12.5   5.414      1
    12.5   8.991     -1
    13.5   2.535      1
    13.5   6.438     -1
    14.5   2.739      1
    14.5   4.497     -1
    15.5   1.199      1
    15.5   3.084     -1
    16.5   1.279      1
    16.5   2.087     -1
    17.5  0.5408      1
    17.5   1.399     -1
    18.5  0.5716      1
    18.5  0.9308     -1
    19.5  0.2373      1
    19.5  0.6157     -1
    20.5  0.2493      1
    20.5  0.4053     -1
    21.5  0.1022      1
    21.5  0.2658     -1
    22.5  0.1069      1
    22.5  0.1737     -1
    23.5  0.4349E-01  1
    23.5  0.1132     -1
