     0.5   11.26      1
     0.5   22.58     -1
     1.5   22.37      1
     1.5   45.01     -1
     2.5   33.56      1
     2.5   67.28     -1
     3.5   44.48      1
     3.5   89.44     -1
     4.5   55.60      1
     4.5   95.87     -1
     5.5   24.27      1
     5.5   72.59     -1
     6.5   28.31      1
     6.5   40.35     -1
     7.5   5.572      1
     7.5   19.33     -1
     8.5   6.268      1
     8.5   8.777     -1
     9.5   1.111      1
     9.5   3.899     -1
    10.5   1.223      1
    10.5   1.709     -1
    11.5  0.2106      1
    11.5  0.7411     -1
    12.5  0.2281      1
    12.5  0.3184     -1
    13.5  0.3845E-01  1
    13.5  0.1357     -1
