     0.0  0.5752      1
     0.0   1.154     -1
     1.0   5.192      1
     1.0   10.37     -1
     2.0   11.41      1
     2.0   22.84     -1
     3.0   15.70      1
     3.0   31.30     -1
     4.0   19.34      1
     4.0   38.90     -1
     5.0   22.78      1
     5.0   45.15     -1
     6.0   24.38      1
     6.0   49.40     -1
     7.0   25.75      1
     7.0   50.86     -1
     8.0   24.26      1
     8.0   48.87     -1
     9.0   21.62      1
     9.0   43.38     -1
    10.0   17.98      1
    10.0   35.27     -1
    11.0   12.59      1
    11.0   26.20     -1
    12.0   9.459      1
    12.0   17.90     -1
    13.0   5.302      1
    13.0   11.42     -1
    14.0   3.750      1
    14.0   6.936     -1
    15.0   1.860      1
    15.0   4.076     -1
    16.0   1.280      1
    16.0   2.348     -1
    17.0  0.6072      1
    17.0   1.337     -1
