     0.0   2.547      1
     0.0   5.111     -1
     1.0   15.25      1
     1.0   30.60     -1
     2.0   25.27      1
     2.0   50.75     -1
     3.0   34.75      1
     3.0   70.16     -1
     4.0   44.62      1
     4.0   83.41     -1
     5.0   38.30      1
     5.0   79.30     -1
     6.0   26.04      1
     6.0   56.91     -1
     7.0   18.35      1
     7.0   31.87     -1
     8.0   6.487      1
     8.0   15.64     -1
     9.0   4.282      1
     9.0   7.296     -1
    10.0   1.375      1
    10.0   3.331     -1
    11.0  0.8816      1
    11.0   1.501     -1
    12.0  0.2762      1
    12.0  0.6697     -1
    13.0  0.1741      1
    13.0  0.2962     -1
