     0.0   2.509      1
     1.0   7.524     -1
     2.0   12.53      1
     3.0   17.53     -1
     4.0   22.51      1
     5.0   27.48     -1
     6.0   32.41      1
     7.0   37.32     -1
     8.0   42.18      1
     9.0   47.00     -1
    10.0   51.73      1
    11.0   56.32     -1
    12.0   60.66      1
    13.0   63.96     -1
    14.0   64.24      1
    15.0   59.72     -1
    16.0   50.94      1
    17.0   40.37     -1
    18.0   30.35      1
    19.0   22.03     -1
    20.0   15.64      1
    21.0   10.94     -1
    22.0   7.580      1
    23.0   5.219     -1
    24.0   3.576      1
    25.0   2.441     -1
    26.0   1.662      1
    27.0   1.128     -1
    28.0  0.7645      1
    29.0  0.5171     -1
    30.0  0.3491      1
    31.0  0.2354     -1
    32.0  0.1584      1
    33.0  0.1065     -1
    34.0  0.7153E-01  1
    35.0  0.4797E-01 -1
    36.0  0.3214E-01  1
