     0.5   3.666      1
     0.5   7.303     -1
     1.5   7.123      1
     1.5   14.37     -1
     2.5   10.61      1
     2.5   20.90     -1
     3.5   12.85      1
     3.5   26.46     -1
     4.5   16.08      1
     4.5   30.52     -1
     5.5   14.78      1
     5.5   32.50     -1
     6.5   18.03      1
     6.5   31.82     -1
     7.5   11.71      1
     7.5   28.38     -1
     8.5   13.90      1
     8.5   23.01     -1
     9.5   6.549      1
     9.5   17.11     -1
    10.5   7.425      1
    10.5   11.86     -1
    11.5   2.877      1
    11.5   7.812     -1
    12.5   3.154      1
    12.5   4.965     -1
    13.5   1.117      1
    13.5   3.081     -1
    14.5   1.202      1
    14.5   1.882     -1
    15.5  0.4102      1
    15.5   1.137     -1
    16.5  0.4364      1
    16.5  0.6823     -1
    17.5  0.1465      1
    17.5  0.4070     -1
    18.5  0.1547      1
    18.5  0.2417     -1
    19.5  0.5146E-01  1
    19.5  0.1430     -1
