     0.5   5.280      1
     0.5   10.59     -1
     1.5   15.80      1
     1.5   31.60     -1
     2.5   23.09      1
     2.5   46.62     -1
     3.5   30.39      1
     3.5   58.87     -1
     4.5   31.53      1
     4.5   64.45     -1
     5.5   30.49      1
     5.5   59.87     -1
     6.5   20.99      1
     6.5   45.58     -1
     7.5   16.19      1
     7.5   28.43     -1
     8.5   6.450      1
     8.5   15.46     -1
     9.5   4.616      1
     9.5   7.866     -1
    10.5   1.601      1
    10.5   3.885     -1
    11.5   1.111      1
    11.5   1.889     -1
    12.5  0.3735      1
    12.5  0.9081     -1
