     0.0   2.869      1
     1.0   8.604     -1
     2.0   14.33      1
     3.0   20.05     -1
     4.0   25.75      1
     5.0   31.43     -1
     6.0   37.09      1
     7.0   42.71     -1
     8.0   48.29      1
     9.0   53.82     -1
    10.0   59.24      1
    11.0   64.55     -1
    12.0   69.33      1
    13.0   71.40     -1
    14.0   67.65      1
    15.0   57.82     -1
    16.0   45.19      1
    17.0   33.19     -1
    18.0   23.45      1
    19.0   16.18     -1
    20.0   11.00      1
    21.0   7.415     -1
    22.0   4.966      1
    23.0   3.311     -1
    24.0   2.200      1
    25.0   1.458     -1
    26.0  0.9634      1
    27.0  0.6354     -1
    28.0  0.4183      1
    29.0  0.2749     -1
    30.0  0.1804      1
    31.0  0.1182     -1
    32.0  0.7730E-01  1
    33.0  0.5051E-01 -1
    34.0  0.3296E-01  1
