     0.0   3.299      1
     0.0   6.638     -1
     1.0   19.74      1
     1.0   39.73     -1
     2.0   32.68      1
     2.0   66.14     -1
     3.0   43.98      1
     3.0   90.89     -1
     4.0   56.02      1
     4.0   102.1     -1
     5.0   43.65      1
     5.0   84.54     -1
     6.0   20.59      1
     6.0   49.64     -1
     7.0   13.88      1
     7.0   22.96     -1
     8.0   3.844      1
     8.0   9.770     -1
     9.0   2.456      1
     9.0   4.051     -1
    10.0  0.6529      1
    10.0   1.657     -1
    11.0  0.4066      1
    11.0  0.6708     -1
    12.0  0.1058      1
