     0.0   2.092      1
     0.0   4.189     -1
     1.0   12.52      1
     1.0   25.08     -1
     2.0   20.76      1
     2.0   41.53     -1
     3.0   28.64      1
     3.0   57.42     -1
     4.0   36.62      1
     4.0   70.08     -1
     5.0   34.22      1
     5.0   72.12     -1
     6.0   28.64      1
     6.0   58.94     -1
     7.0   21.07      1
     7.0   38.19     -1
     8.0   9.119      1
     8.0   21.11     -1
     9.0   6.195      1
     9.0   10.81     -1
    10.0   2.277      1
    10.0   5.352     -1
    11.0   1.496      1
    11.0   2.602     -1
    12.0  0.5313      1
    12.0   1.251     -1
    13.0  0.3427      1
    13.0  0.5956     -1
    14.0  0.1194      1
