     0.5   5.850      1
     0.5   11.75     -1
     1.5   17.51      1
     1.5   35.06     -1
     2.5   25.50      1
     2.5   51.67     -1
     3.5   33.52      1
     3.5   64.65     -1
     4.5   34.08      1
     4.5   69.28     -1
     5.5   31.69      1
     5.5   61.94     -1
     6.5   20.00      1
     6.5   44.50     -1
     7.5   15.05      1
     7.5   25.96     -1
     8.5   5.461      1
     8.5   13.33     -1
     9.5   3.843      1
     9.5   6.480     -1
    10.5   1.249      1
    10.5   3.075     -1
    11.5  0.8547      1
    11.5   1.439     -1
    12.5  0.2705      1
    12.5  0.6666     -1
