     0.0   1.742      1
     0.0   3.484     -1
     1.0   10.42      1
     1.0   20.85     -1
     2.0   17.28      1
     2.0   34.51     -1
     3.0   23.81      1
     3.0   47.67     -1
     4.0   30.30      1
     4.0   58.96     -1
     5.0   30.35      1
     5.0   63.81     -1
     6.0   28.83      1
     6.0   57.28     -1
     7.0   22.19      1
     7.0   41.80     -1
     8.0   11.55      1
     8.0   25.79     -1
     9.0   8.087      1
     9.0   14.43     -1
    10.0   3.358      1
    10.0   7.692     -1
    11.0   2.259      1
    11.0   4.002     -1
    12.0  0.8926      1
    12.0   2.052     -1
    13.0  0.5888      1
    13.0   1.041     -1
    14.0  0.2277      1
    14.0  0.5243     -1
    15.0  0.1483      1
    15.0  0.2621     -1
