     0.5   4.573      1
     0.5   9.108     -1
     1.5   8.868      1
     1.5   17.90     -1
     2.5   13.18      1
     2.5   25.91     -1
     3.5   15.65      1
     3.5   32.49     -1
     4.5   19.77      1
     4.5   36.91     -1
     5.5   16.89      1
     5.5   38.31     -1
     6.5   20.98      1
     6.5   35.87     -1
     7.5   11.70      1
     7.5   29.88     -1
     8.5   13.91      1
     8.5   22.20     -1
     9.5   5.415      1
     9.5   14.99     -1
    10.5   6.104      1
    10.5   9.441     -1
    11.5   1.979      1
    11.5   5.671     -1
    12.5   2.161      1
    12.5   3.308     -1
    13.5  0.6548      1
    13.5   1.895     -1
    14.5  0.7033      1
    14.5   1.074     -1
    15.5  0.2085      1
    15.5  0.6043     -1
    16.5  0.2217      1
    16.5  0.3385     -1
    17.5  0.6520E-01  1
    17.5  0.1889     -1
    18.5  0.6884E-01  1
