     0.5   6.499      1
     0.5   12.94     -1
     1.5   12.61      1
     1.5   25.41     -1
     2.5   18.66      1
     2.5   36.55     -1
     3.5   21.63      1
     3.5   45.41     -1
     4.5   27.88      1
     4.5   51.01     -1
     5.5   21.25      1
     5.5   50.96     -1
     6.5   26.88      1
     6.5   43.25     -1
     7.5   10.74      1
     7.5   30.75     -1
     8.5   12.64      1
     8.5   18.88     -1
     9.5   3.358      1
     9.5   10.48     -1
    10.5   3.746      1
    10.5   5.475     -1
    11.5  0.8694      1
    11.5   2.769     -1
    12.5  0.9452      1
    12.5   1.378     -1
    13.5  0.2142      1
    13.5  0.6809     -1
    14.5  0.2297      1
    14.5  0.3356     -1
    15.5  0.5228E-01  1
    15.5  0.1653     -1
    16.5  0.5556E-01  1
