     0.0  0.3298      1
     0.0  0.6618     -1
     1.0   2.977      1
     1.0   5.947     -1
     2.0   6.557      1
     2.0   13.13     -1
     3.0   9.066      1
     3.0   18.11     -1
     4.0   11.36      1
     4.0   22.77     -1
     5.0   13.53      1
     5.0   26.96     -1
     6.0   15.15      1
     6.0   30.46     -1
     7.0   16.63      1
     7.0   33.01     -1
     8.0   17.02      1
     8.0   34.32     -1
     9.0   17.19      1
     9.0   34.12     -1
    10.0   16.09      1
    10.0   32.29     -1
    11.0   14.43      1
    11.0   28.95     -1
    12.0   12.41      1
    12.0   24.54     -1
    13.0   9.647      1
    13.0   19.70     -1
    14.0   7.738      1
    14.0   15.04     -1
    15.0   5.304      1
    15.0   11.01     -1
    16.0   4.057      1
    16.0   7.789     -1
    17.0   2.563      1
    17.0   5.373     -1
    18.0   1.908      1
    18.0   3.638     -1
    19.0   1.153      1
    19.0   2.430     -1
    20.0  0.8459      1
    20.0   1.608     -1
    21.0  0.5003      1
    21.0   1.057     -1
