     0.5   6.111      1
     0.5   12.27     -1
     1.5   18.29      1
     1.5   36.64     -1
     2.5   26.58      1
     2.5   53.97     -1
     3.5   34.91      1
     3.5   67.22     -1
     4.5   35.18      1
     4.5   71.33     -1
     5.5   32.17      1
     5.5   62.65     -1
     6.5   19.48      1
     6.5   43.85     -1
     7.5   14.51      1
     7.5   24.84     -1
     8.5   5.063      1
     8.5   12.46     -1
     9.5   3.538      1
     9.5   5.939     -1
    10.5   1.118      1
    10.5   2.770     -1
    11.5  0.7605      1
