     0.5   1.547      1
     0.5   3.086     -1
     1.5   3.039      1
     1.5   6.114     -1
     2.5   4.552      1
     2.5   9.023     -1
     3.5   5.794      1
     3.5   11.74     -1
     4.5   7.223      1
     4.5   14.18     -1
     5.5   7.906      1
     5.5   16.24     -1
     6.5   9.226      1
     6.5   17.78     -1
     7.5   8.843      1
     7.5   18.67     -1
     8.5   10.06      1
     8.5   18.77     -1
     9.5   8.150      1
     9.5   17.99     -1
    10.5   9.145      1
    10.5   16.39     -1
    11.5   6.128      1
    11.5   14.19     -1
    12.5   6.759      1
    12.5   11.72     -1
    13.5   3.879      1
    13.5   9.303     -1
    14.5   4.203      1
    14.5   7.149     -1
    15.5   2.191      1
    15.5   5.359     -1
    16.5   2.341      1
    16.5   3.943     -1
    17.5   1.158      1
    17.5   2.861     -1
    18.5   1.226      1
    18.5   2.055     -1
    19.5  0.5894      1
    19.5   1.464     -1
    20.5  0.6196      1
    20.5   1.036     -1
    21.5  0.2931      1
    21.5  0.7299     -1
    22.5  0.3066      1
    22.5  0.5121     -1
    23.5  0.1435      1
    23.5  0.3580     -1
    24.5  0.1495      1
    24.5  0.2495     -1
    25.5  0.6948E-01  1
    25.5  0.1735     -1
