     0.5   7.810      1
     0.5   15.71     -1
     1.5   23.36      1
     1.5   46.99     -1
     2.5   33.32      1
     2.5   68.76     -1
     3.5   43.20      1
     3.5   82.87     -1
     4.5   41.42      1
     4.5   82.33     -1
     5.5   34.38      1
     5.5   64.42     -1
     6.5   15.67      1
     6.5   38.13     -1
     7.5   11.11      1
     7.5   18.26     -1
     8.5   3.124      1
     8.5   8.039     -1
     9.5   2.104      1
     9.5   3.441     -1
    10.5  0.5644      1
    10.5   1.453     -1
    11.5  0.3712      1
