     0.0   9.276      1
     1.0   27.84     -1
     2.0   46.37      1
     3.0   64.94     -1
     4.0   83.49      1
     5.0   101.9     -1
     6.0   121.0      1
     7.0   137.9     -1
     8.0   158.5      1
     9.0   150.3     -1
    10.0   87.62      1
    11.0   42.39     -1
    12.0   20.17      1
    13.0   9.655     -1
    14.0   4.641      1
    15.0   2.232     -1
    16.0   1.071      1
    17.0  0.5126     -1
    18.0  0.2446      1
    19.0  0.1164     -1
    20.0  0.5524E-01  1
    21.0  0.2614E-01 -1
    22.0  0.1233E-01  1
