     0.0  0.3074      1
     0.0  0.6168     -1
     1.0   2.775      1
     1.0   5.543     -1
     2.0   6.114      1
     2.0   12.24     -1
     3.0   8.458      1
     3.0   16.89     -1
     4.0   10.62      1
     4.0   21.27     -1
     5.0   12.66      1
     5.0   25.24     -1
     6.0   14.24      1
     6.0   28.61     -1
     7.0   15.69      1
     7.0   31.17     -1
     8.0   16.20      1
     8.0   32.65     -1
     9.0   16.53      1
     9.0   32.82     -1
    10.0   15.68      1
    10.0   31.50     -1
    11.0   14.37      1
    11.0   28.76     -1
    12.0   12.55      1
    12.0   24.89     -1
    13.0   10.06      1
    13.0   20.44     -1
    14.0   8.188      1
    14.0   15.99     -1
    15.0   5.800      1
    15.0   11.98     -1
    16.0   4.496      1
    16.0   8.669     -1
    17.0   2.927      1
    17.0   6.108     -1
    18.0   2.203      1
    18.0   4.218     -1
    19.0   1.368      1
    19.0   2.870     -1
    20.0   1.013      1
    20.0   1.933     -1
    21.0  0.6138      1
    21.0   1.291     -1
