     0.0   2.457      1
     1.0   7.369     -1
     2.0   12.27      1
     3.0   17.17     -1
     4.0   22.05      1
     5.0   26.91     -1
     6.0   31.74      1
     7.0   36.55     -1
     8.0   41.31      1
     9.0   46.02     -1
    10.0   50.65      1
    11.0   55.15     -1
    12.0   59.40      1
    13.0   62.75     -1
    14.0   63.43      1
    15.0   59.62     -1
    16.0   51.52      1
    17.0   41.34     -1
    18.0   31.40      1
    19.0   22.99     -1
    20.0   16.43      1
    21.0   11.57     -1
    22.0   8.059      1
    23.0   5.576     -1
    24.0   3.839      1
    25.0   2.633     -1
    26.0   1.800      1
    27.0   1.228     -1
    28.0  0.8356      1
    29.0  0.5676     -1
    30.0  0.3849      1
    31.0  0.2606     -1
    32.0  0.1762      1
    33.0  0.1190     -1
    34.0  0.8021E-01  1
    35.0  0.5403E-01 -1
    36.0  0.3635E-01  1
