     0.5   10.70      1
     0.5   21.43     -1
     1.5   21.25      1
     1.5   42.73     -1
     2.5   31.88      1
     2.5   63.79     -1
     3.5   42.29      1
     3.5   84.84     -1
     4.5   52.87      1
     4.5   92.78     -1
     5.5   25.28      1
     5.5   73.18     -1
     6.5   29.49      1
     6.5   42.48     -1
     7.5   6.171      1
     7.5   21.01     -1
     8.5   6.942      1
     8.5   9.784     -1
     9.5   1.286      1
     9.5   4.443     -1
    10.5   1.414      1
    10.5   1.989     -1
    11.5  0.2540      1
    11.5  0.8808     -1
    12.5  0.2752      1
    12.5  0.3865     -1
    13.5  0.4836E-01  1
    13.5  0.1682     -1
    14.5  0.5181E-01  1
