     0.0   5.604      1
     1.0   16.81     -1
     2.0   28.01      1
     3.0   39.19     -1
     4.0   50.37      1
     5.0   61.52     -1
     6.0   72.67      1
     7.0   83.91     -1
     8.0   94.78      1
     9.0   106.7     -1
    10.0   116.8      1
    11.0   105.4     -1
    12.0   74.22      1
    13.0   45.61     -1
    14.0   26.64      1
    15.0   15.29     -1
    16.0   8.717      1
    17.0   4.950     -1
    18.0   2.803      1
    19.0   1.582     -1
    20.0  0.8906      1
    21.0  0.5000     -1
    22.0  0.2800      1
    23.0  0.1564     -1
    24.0  0.8717E-01  1
    25.0  0.4849E-01 -1
    26.0  0.2692E-01  1
