     0.0  0.2640      1
     0.0  0.5298     -1
     1.0   2.383      1
     1.0   4.761     -1
     2.0   5.255      1
     2.0   10.52     -1
     3.0   7.279      1
     3.0   14.54     -1
     4.0   9.166      1
     4.0   18.36     -1
     5.0   10.96      1
     5.0   21.87     -1
     6.0   12.44      1
     6.0   24.96     -1
     7.0   13.79      1
     7.0   27.46     -1
     8.0   14.50      1
     8.0   29.18     -1
     9.0   15.07      1
     9.0   29.93     -1
    10.0   14.68      1
    10.0   29.53     -1
    11.0   13.99      1
    11.0   27.91     -1
    12.0   12.62      1
    12.0   25.18     -1
    13.0   10.74      1
    13.0   21.66     -1
    14.0   9.028      1
    14.0   17.78     -1
    15.0   6.835      1
    15.0   13.98     -1
    16.0   5.452      1
    16.0   10.60     -1
    17.0   3.775      1
    17.0   7.808     -1
    18.0   2.912      1
    18.0   5.618     -1
    19.0   1.909      1
    19.0   3.973     -1
    20.0   1.444      1
    20.0   2.773     -1
    21.0  0.9183      1
    21.0   1.918     -1
    22.0  0.6868      1
    22.0   1.317     -1
