     0.0  0.2138      1
     0.0  0.4289     -1
     1.0   1.930      1
     1.0   3.855     -1
     2.0   4.259      1
     2.0   8.525     -1
     3.0   5.909      1
     3.0   11.81     -1
     4.0   7.467      1
     4.0   14.95     -1
     5.0   8.961      1
     5.0   17.90     -1
     6.0   10.26      1
     6.0   20.57     -1
     7.0   11.47      1
     7.0   22.87     -1
     8.0   12.30      1
     8.0   24.70     -1
     9.0   13.02      1
     9.0   25.90     -1
    10.0   13.10      1
    10.0   26.34     -1
    11.0   13.02      1
    11.0   25.90     -1
    12.0   12.23      1
    12.0   24.54     -1
    13.0   11.15      1
    13.0   22.32     -1
    14.0   9.796      1
    14.0   19.47     -1
    15.0   8.058      1
    15.0   16.31     -1
    16.0   6.691      1
    16.0   13.15     -1
    17.0   5.019      1
    17.0   10.27     -1
    18.0   4.005      1
    18.0   7.802     -1
    19.0   2.816      1
    19.0   5.805     -1
    20.0   2.193      1
    20.0   4.249     -1
    21.0   1.484      1
    21.0   3.073     -1
    22.0   1.139      1
    22.0   2.201     -1
    23.0  0.7547      1
    23.0   1.566     -1
    24.0  0.5742      1
    24.0   1.108     -1
