     0.0   1.998      1
     1.0   5.991     -1
     2.0   9.979      1
     3.0   13.96     -1
     4.0   17.92      1
     5.0   21.87     -1
     6.0   25.79      1
     7.0   29.69     -1
     8.0   33.55      1
     9.0   37.36     -1
    10.0   41.11      1
    11.0   44.76     -1
    12.0   48.25      1
    13.0   51.44     -1
    14.0   53.87      1
    15.0   54.53     -1
    16.0   52.37      1
    17.0   47.19     -1
    18.0   39.95      1
    19.0   32.13     -1
    20.0   24.86      1
    21.0   18.71     -1
    22.0   13.82      1
    23.0   10.08     -1
    24.0   7.283      1
    25.0   5.227     -1
    26.0   3.734      1
    27.0   2.657     -1
    28.0   1.885      1
    29.0   1.334     -1
    30.0  0.9424      1
    31.0  0.6645     -1
    32.0  0.4677      1
    33.0  0.3288     -1
    34.0  0.2308      1
    35.0  0.1618     -1
    36.0  0.1133      1
    37.0  0.7926E-01 -1
    38.0  0.5539E-01  1
    39.0  0.3867E-01 -1
