     0.0   3.301      1
     0.0   6.642     -1
     1.0   19.75      1
     1.0   39.75     -1
     2.0   32.70      1
     2.0   66.19     -1
     3.0   43.96      1
     3.0   90.92     -1
     4.0   55.95      1
     4.0   101.9     -1
     5.0   43.51      1
     5.0   84.08     -1
     6.0   20.33      1
     6.0   49.13     -1
     7.0   13.70      1
     7.0   22.64     -1
     8.0   3.783      1
     8.0   9.619     -1
     9.0   2.416      1
     9.0   3.985     -1
    10.0  0.6421      1
    10.0   1.630     -1
    11.0  0.3999      1
    11.0  0.6597     -1
    12.0  0.1041      1
