     0.0   2.058      1
     0.0   4.121     -1
     1.0   12.32      1
     1.0   24.67     -1
     2.0   20.42      1
     2.0   40.84     -1
     3.0   28.17      1
     3.0   56.47     -1
     4.0   36.00      1
     4.0   69.03     -1
     5.0   33.87      1
     5.0   71.42     -1
     6.0   28.74      1
     6.0   58.92     -1
     7.0   21.22      1
     7.0   38.61     -1
     8.0   9.343      1
     8.0   21.56     -1
     9.0   6.363      1
     9.0   11.13     -1
    10.0   2.365      1
    10.0   5.545     -1
    11.0   1.557      1
    11.0   2.713     -1
    12.0  0.5584      1
    12.0   1.312     -1
    13.0  0.3610      1
    13.0  0.6283     -1
    14.0  0.1270      1
