     0.5   9.630      1
     0.5   19.36     -1
     1.5   28.79      1
     1.5   58.02     -1
     2.5   39.80      1
     2.5   83.91     -1
     3.5   50.16      1
     3.5   97.30     -1
     4.5   45.77      1
     4.5   90.12     -1
     5.5   35.42      1
     5.5   62.48     -1
     6.5   11.95      1
     6.5   31.30     -1
     7.5   8.174      1
     7.5   13.04     -1
     8.5   1.927      1
     8.5   5.165     -1
     9.5   1.262      1
     9.5   2.015     -1
    10.5  0.2908      1
    10.5  0.7776     -1
