     0.5   5.496      1
     0.5   11.03     -1
     1.5   16.45      1
     1.5   32.91     -1
     2.5   24.01      1
     2.5   48.53     -1
     3.5   31.58      1
     3.5   61.08     -1
     4.5   32.51      1
     4.5   66.34     -1
     5.5   30.98      1
     5.5   60.74     -1
     6.5   20.65      1
     6.5   45.24     -1
     7.5   15.77      1
     7.5   27.49     -1
     8.5   6.057      1
     8.5   14.62     -1
     9.5   4.306      1
     9.5   7.308     -1
    10.5   1.456      1
    10.5   3.554     -1
    11.5   1.005      1
    11.5   1.702     -1
    12.5  0.3301      1
    12.5  0.8068     -1
