     0.0   2.702      1
     0.0   5.425     -1
     1.0   16.17      1
     1.0   32.48     -1
     2.0   26.81      1
     2.0   53.91     -1
     3.0   36.77      1
     3.0   74.49     -1
     4.0   47.22      1
     4.0   87.70     -1
     5.0   39.63      1
     5.0   81.24     -1
     6.0   25.13      1
     6.0   56.02     -1
     7.0   17.53      1
     7.0   30.10     -1
     8.0   5.864      1
     8.0   14.30     -1
     9.0   3.841      1
     9.0   6.497     -1
    10.0   1.183      1
    10.0   2.895     -1
    11.0  0.7535      1
    11.0   1.274     -1
    12.0  0.2267      1
    12.0  0.5552     -1
    13.0  0.1420      1
    13.0  0.2399     -1
