     0.5   12.34      1
     0.5   24.77     -1
     1.5   24.50      1
     1.5   49.36     -1
     2.5   36.75      1
     2.5   73.98     -1
     3.5   48.43      1
     3.5   98.08     -1
     4.5   60.54      1
     4.5   100.8     -1
     5.5   22.24      1
     5.5   70.61     -1
     6.5   25.95      1
     6.5   36.34     -1
     7.5   4.597      1
     7.5   16.47     -1
     8.5   5.171      1
     8.5   7.160     -1
     9.5  0.8477      1
     9.5   3.057     -1
    10.5  0.9325      1
    10.5   1.290     -1
    11.5  0.1488      1
    11.5  0.5384     -1
    12.5  0.1612      1
    12.5  0.2227     -1
    13.5  0.2519E-01  1
    13.5  0.9139E-01 -1
