     0.0   1.752      1
     0.0   3.522     -1
     1.0   15.71      1
     1.0   31.68     -1
     2.0   33.98      1
     2.0   69.41     -1
     3.0   46.82      1
     3.0   90.41     -1
     4.0   49.80      1
     4.0   98.51     -1
     5.0   48.45      1
     5.0   92.20     -1
     6.0   35.99      1
     6.0   70.63     -1
     7.0   16.12      1
     7.0   40.08     -1
     8.0   10.65      1
     8.0   17.28     -1
     9.0   2.681      1
     9.0   6.934     -1
    10.0   1.689      1
    10.0   2.769     -1
