     0.0   5.312      1
     0.0   10.69     -1
     1.0   31.78      1
     1.0   64.04     -1
     2.0   52.37      1
     2.0   107.4     -1
     3.0   60.38      1
     3.0   139.7     -1
     4.0   65.10      1
     4.0   127.0     -1
     5.0   45.67      1
     5.0   72.37     -1
     6.0   9.280      1
     6.0   26.91     -1
     7.0   5.889      1
     7.0   9.037     -1
     8.0   1.055      1
     8.0   3.004     -1
     9.0  0.6424      1
     9.0  0.9915     -1
    10.0  0.1140      1
