     0.0   5.971      1
     0.0   12.00     -1
     1.0   35.75      1
     1.0   71.92     -1
     2.0   58.85      1
     2.0   120.5     -1
     3.0   64.11      1
     3.0   153.3     -1
     4.0   63.32      1
     4.0   130.5     -1
     5.0   43.81      1
     5.0   66.79     -1
     6.0   7.434      1
     6.0   22.41     -1
     7.0   4.665      1
     7.0   7.036     -1
     8.0  0.7480      1
     8.0   2.201     -1
     9.0  0.4509      1
     9.0  0.6837     -1
    10.0  0.7145E-01  1
