     0.5   20.19      1
     0.5   40.74     -1
     1.5   39.77      1
     1.5   80.88     -1
     2.5   59.65      1
     2.5   124.3     -1
     3.5   62.71      1
     3.5   148.9     -1
     4.5   78.39      1
     4.5   106.9     -1
     5.5   10.40      1
     5.5   44.65     -1
     6.5   12.14      1
     6.5   15.80     -1
     7.5   1.276      1
     7.5   5.466     -1
     8.5   1.435      1
     8.5   1.873     -1
     9.5  0.1483      1
     9.5  0.6349     -1
    10.5  0.1632      1
    10.5  0.2128     -1
    11.5  0.1641E-01  1
    11.5  0.7054E-01 -1
