     0.0   5.121      1
     0.0   10.31     -1
     1.0   30.63      1
     1.0   61.75     -1
     2.0   50.50      1
     2.0   103.5     -1
     3.0   59.27      1
     3.0   135.6     -1
     4.0   65.50      1
     4.0   125.9     -1
     5.0   46.18      1
     5.0   74.23     -1
     6.0   9.985      1
     6.0   28.59     -1
     7.0   6.360      1
     7.0   9.813     -1
     8.0   1.179      1
     8.0   3.324     -1
     9.0  0.7201      1
     9.0   1.117     -1
    10.0  0.1322      1
