     0.5   11.07      1
     0.5   22.18     -1
     1.5   21.99      1
     1.5   44.22     -1
     2.5   32.98      1
     2.5   66.08     -1
     3.5   43.74      1
     3.5   87.86     -1
     4.5   54.67      1
     4.5   94.84     -1
     5.5   24.62      1
     5.5   72.83     -1
     6.5   28.73      1
     6.5   41.08     -1
     7.5   5.771      1
     7.5   19.89     -1
     8.5   6.492      1
     8.5   9.110     -1
     9.5   1.168      1
     9.5   4.077     -1
    10.5   1.285      1
    10.5   1.800     -1
    11.5  0.2245      1
    11.5  0.7861     -1
    12.5  0.2432      1
    12.5  0.3402     -1
    13.5  0.4158E-01  1
    13.5  0.1461     -1
