     0.0  0.5358      1
     0.0   1.076     -1
     1.0   4.836      1
     1.0   9.660     -1
     2.0   10.63      1
     2.0   21.28     -1
     3.0   14.63      1
     3.0   29.19     -1
     4.0   18.08      1
     4.0   36.33     -1
     5.0   21.31      1
     5.0   42.27     -1
     6.0   22.94      1
     6.0   46.44     -1
     7.0   24.37      1
     7.0   48.15     -1
     8.0   23.21      1
     8.0   46.81     -1
     9.0   21.12      1
     9.0   42.29     -1
    10.0   17.88      1
    10.0   35.22     -1
    11.0   13.04      1
    11.0   26.95     -1
    12.0   9.991      1
    12.0   19.05     -1
    13.0   5.902      1
    13.0   12.59     -1
    14.0   4.243      1
    14.0   7.912     -1
    15.0   2.211      1
    15.0   4.800     -1
    16.0   1.542      1
    16.0   2.848     -1
    17.0  0.7628      1
    17.0   1.667     -1
