     0.0   2.677      1
     1.0   8.030     -1
     2.0   13.38      1
     3.0   18.71     -1
     4.0   24.03      1
     5.0   29.33     -1
     6.0   34.60      1
     7.0   39.84     -1
     8.0   45.04      1
     9.0   50.19     -1
    10.0   55.24      1
    11.0   60.16     -1
    12.0   64.74      1
    13.0   67.67     -1
    14.0   66.34      1
    15.0   59.37     -1
    16.0   48.56      1
    17.0   37.06     -1
    18.0   27.00      1
    19.0   19.11     -1
    20.0   13.28      1
    21.0   9.118     -1
    22.0   6.214      1
    23.0   4.212     -1
    24.0   2.843      1
    25.0   1.913     -1
    26.0   1.284      1
    27.0  0.8599     -1
    28.0  0.5747      1
    29.0  0.3834     -1
    30.0  0.2553      1
    31.0  0.1698     -1
    32.0  0.1128      1
    33.0  0.7478E-01 -1
    34.0  0.4953E-01  1
    35.0  0.3277E-01 -1
