     0.0  0.2064      1
     0.0  0.4140     -1
     1.0   1.862      1
     1.0   3.721     -1
     2.0   4.112      1
     2.0   8.230     -1
     3.0   5.706      1
     3.0   11.40     -1
     4.0   7.214      1
     4.0   14.44     -1
     5.0   8.662      1
     5.0   17.30     -1
     6.0   9.933      1
     6.0   19.90     -1
     7.0   11.12      1
     7.0   22.17     -1
     8.0   11.95      1
     8.0   23.99     -1
     9.0   12.68      1
     9.0   25.24     -1
    10.0   12.82      1
    10.0   25.78     -1
    11.0   12.81      1
    11.0   25.49     -1
    12.0   12.12      1
    12.0   24.32     -1
    13.0   11.16      1
    13.0   22.31     -1
    14.0   9.873      1
    14.0   19.65     -1
    15.0   8.227      1
    15.0   16.62     -1
    16.0   6.876      1
    16.0   13.54     -1
    17.0   5.225      1
    17.0   10.67     -1
    18.0   4.193      1
    18.0   8.183     -1
    19.0   2.983      1
    19.0   6.139     -1
    20.0   2.334      1
    20.0   4.529     -1
    21.0   1.595      1
    21.0   3.298     -1
    22.0   1.230      1
    22.0   2.379     -1
    23.0  0.8220      1
    23.0   1.703     -1
    24.0  0.6279      1
    24.0   1.213     -1
