     0.0   4.756      1
     1.0   14.26     -1
     2.0   23.77      1
     3.0   33.26     -1
     4.0   42.73      1
     5.0   52.19     -1
     6.0   61.61      1
     7.0   71.08     -1
     8.0   80.43      1
     9.0   89.84     -1
    10.0   99.97      1
    11.0   103.2     -1
    12.0   87.99      1
    13.0   62.52     -1
    14.0   40.16      1
    15.0   24.68     -1
    16.0   14.89      1
    17.0   8.903     -1
    18.0   5.295      1
    19.0   3.138     -1
    20.0   1.853      1
    21.0   1.092     -1
    22.0  0.6413      1
    23.0  0.3759     -1
    24.0  0.2198      1
    25.0  0.1282     -1
    26.0  0.7467E-01  1
    27.0  0.4340E-01 -1
    28.0  0.2519E-01  1
