     0.5   26.37      1
     0.5   53.19     -1
     1.5   51.67      1
     1.5   105.3     -1
     2.5   77.51      1
     2.5   163.0     -1
     3.5   57.02      1
     3.5   171.1     -1
     4.5   71.27      1
     4.5   90.22     -1
     5.5   5.822      1
     5.5   28.57     -1
     6.5   6.793      1
     6.5   8.573     -1
     7.5  0.5381      1
     7.5   2.572     -1
     8.5  0.6053      1
     8.5  0.7657     -1
     9.5  0.4707E-01  1
     9.5  0.2252     -1
    10.5  0.5178E-01  1
