     0.5   10.02      1
     0.5   20.06     -1
     1.5   19.91      1
     1.5   39.99     -1
     2.5   29.86      1
     2.5   59.63     -1
     3.5   39.60      1
     3.5   79.29     -1
     4.5   49.50      1
     4.5   88.67     -1
     5.5   26.39      1
     5.5   73.40     -1
     6.5   30.79      1
     6.5   44.99     -1
     7.5   6.977      1
     7.5   23.20     -1
     8.5   7.849      1
     8.5   11.15     -1
     9.5   1.536      1
     9.5   5.209     -1
    10.5   1.690      1
    10.5   2.394     -1
    11.5  0.3196      1
    11.5   1.088     -1
    12.5  0.3462      1
    12.5  0.4898     -1
    13.5  0.6406E-01  1
    13.5  0.2188     -1
    14.5  0.6864E-01  1
