     0.5   1.684      1
     0.5   3.359     -1
     1.5   3.305      1
     1.5   6.650     -1
     2.5   4.948      1
     2.5   9.803     -1
     3.5   6.277      1
     3.5   12.73     -1
     4.5   7.823      1
     4.5   15.33     -1
     5.5   8.481      1
     5.5   17.48     -1
     6.5   9.909      1
     6.5   19.01     -1
     7.5   9.284      1
     7.5   19.76     -1
     8.5   10.60      1
     8.5   19.59     -1
     9.5   8.248      1
     9.5   18.45     -1
    10.5   9.283      1
    10.5   16.45     -1
    11.5   5.930      1
    11.5   13.93     -1
    12.5   6.546      1
    12.5   11.25     -1
    13.5   3.598      1
    13.5   8.735     -1
    14.5   3.898      1
    14.5   6.580     -1
    15.5   1.959      1
    15.5   4.842     -1
    16.5   2.093      1
    16.5   3.502     -1
    17.5   1.003      1
    17.5   2.500     -1
    18.5   1.061      1
    18.5   1.768     -1
    19.5  0.4953      1
    19.5   1.241     -1
    20.5  0.5205      1
    20.5  0.8656     -1
    21.5  0.2393      1
    21.5  0.6011     -1
    22.5  0.2503      1
    22.5  0.4157     -1
    23.5  0.1139      1
    23.5  0.2866     -1
    24.5  0.1187      1
    24.5  0.1970     -1
    25.5  0.5365E-01  1
    25.5  0.1351     -1
