     0.0  0.3739      1
     0.0  0.7505     -1
     1.0   3.376      1
     1.0   6.743     -1
     2.0   7.431      1
     2.0   14.88     -1
     3.0   10.26      1
     3.0   20.49     -1
     4.0   12.82      1
     4.0   25.71     -1
     5.0   15.22      1
     5.0   30.31     -1
     6.0   16.89      1
     6.0   34.02     -1
     7.0   18.41      1
     7.0   36.49     -1
     8.0   18.52      1
     8.0   37.38     -1
     9.0   18.31      1
     9.0   36.38     -1
    10.0   16.73      1
    10.0   33.47     -1
    11.0   14.37      1
    11.0   28.98     -1
    12.0   12.02      1
    12.0   23.60     -1
    13.0   8.800      1
    13.0   18.13     -1
    14.0   6.867      1
    14.0   13.23     -1
    15.0   4.423      1
    15.0   9.266     -1
    16.0   3.304      1
    16.0   6.289     -1
    17.0   1.972      1
    17.0   4.171     -1
    18.0   1.439      1
    18.0   2.723     -1
    19.0  0.8275      1
    19.0   1.757     -1
    20.0  0.5961      1
    20.0   1.125     -1
