     0.0   2.497      1
     0.0   5.010     -1
     1.0   14.95      1
     1.0   29.99     -1
     2.0   24.78      1
     2.0   49.73     -1
     3.0   34.10      1
     3.0   68.77     -1
     4.0   43.78      1
     4.0   82.09     -1
     5.0   37.96      1
     5.0   78.89     -1
     6.0   26.56      1
     6.0   57.59     -1
     7.0   18.81      1
     7.0   32.82     -1
     8.0   6.801      1
     8.0   16.32     -1
     9.0   4.502      1
     9.0   7.690     -1
    10.0   1.466      1
    10.0   3.540     -1
    11.0  0.9424      1
    11.0   1.608     -1
    12.0  0.2991      1
    12.0  0.7230     -1
    13.0  0.1890      1
    13.0  0.3222     -1
