     0.0   1.702      1
     1.0   5.104     -1
     2.0   8.502      1
     3.0   11.89     -1
     4.0   15.27      1
     5.0   18.63     -1
     6.0   21.97      1
     7.0   25.28     -1
     8.0   28.56      1
     9.0   31.80     -1
    10.0   34.99      1
    11.0   38.11     -1
    12.0   41.10      1
    13.0   43.92     -1
    14.0   46.38      1
    15.0   48.11     -1
    16.0   48.43      1
    17.0   46.67     -1
    18.0   42.69      1
    19.0   37.07     -1
    20.0   30.75      1
    21.0   24.61     -1
    22.0   19.16      1
    23.0   14.62     -1
    24.0   11.00      1
    25.0   8.195     -1
    26.0   6.058      1
    27.0   4.453     -1
    28.0   3.260      1
    29.0   2.378     -1
    30.0   1.730      1
    31.0   1.256     -1
    32.0  0.9100      1
    33.0  0.6583     -1
    34.0  0.4754      1
    35.0  0.3429     -1
    36.0  0.2471      1
    37.0  0.1778     -1
    38.0  0.1278      1
    39.0  0.9179E-01 -1
    40.0  0.6586E-01  1
    41.0  0.4722E-01 -1
