     0.0  0.2177      1
     0.0  0.4367     -1
     1.0   1.965      1
     1.0   3.925     -1
     2.0   4.336      1
     2.0   8.680     -1
     3.0   6.015      1
     3.0   12.02     -1
     4.0   7.599      1
     4.0   15.21     -1
     5.0   9.116      1
     5.0   18.21     -1
     6.0   10.43      1
     6.0   20.91     -1
     7.0   11.66      1
     7.0   23.24     -1
     8.0   12.48      1
     8.0   25.06     -1
     9.0   13.19      1
     9.0   26.24     -1
    10.0   13.24      1
    10.0   26.63     -1
    11.0   13.12      1
    11.0   26.10     -1
    12.0   12.29      1
    12.0   24.64     -1
    13.0   11.14      1
    13.0   22.31     -1
    14.0   9.751      1
    14.0   19.37     -1
    15.0   7.968      1
    15.0   16.14     -1
    16.0   6.593      1
    16.0   12.95     -1
    17.0   4.913      1
    17.0   10.06     -1
    18.0   3.909      1
    18.0   7.609     -1
    19.0   2.733      1
    19.0   5.638     -1
    20.0   2.123      1
    20.0   4.110     -1
    21.0   1.429      1
    21.0   2.961     -1
    22.0   1.095      1
    22.0   2.114     -1
    23.0  0.7219      1
    23.0   1.499     -1
    24.0  0.5481      1
    24.0   1.057     -1
