     0.0   2.363      1
     0.0   4.737     -1
     1.0   14.14      1
     1.0   28.36     -1
     2.0   23.45      1
     2.0   47.00     -1
     3.0   32.31      1
     3.0   65.01     -1
     4.0   41.43      1
     4.0   78.18     -1
     5.0   36.72      1
     5.0   76.79     -1
     6.0   27.22      1
     6.0   58.03     -1
     7.0   19.48      1
     7.0   34.36     -1
     8.0   7.424      1
     8.0   17.62     -1
     9.0   4.952      1
     9.0   8.513     -1
    10.0   1.675      1
    10.0   4.008     -1
    11.0   1.084      1
    11.0   1.860     -1
    12.0  0.3566      1
    12.0  0.8545     -1
    13.0  0.2268      1
    13.0  0.3891     -1
