     0.0   3.535      1
     1.0   10.60     -1
     2.0   17.66      1
     3.0   24.71     -1
     4.0   31.74      1
     5.0   38.76     -1
     6.0   45.74      1
     7.0   52.70     -1
     8.0   59.63      1
     9.0   66.47     -1
    10.0   73.29      1
    11.0   80.00     -1
    12.0   83.43      1
    13.0   77.87     -1
    14.0   63.45      1
    15.0   46.52     -1
    16.0   32.01      1
    17.0   21.28     -1
    18.0   13.88      1
    19.0   8.956     -1
    20.0   5.741      1
    21.0   3.662     -1
    22.0   2.328      1
    23.0   1.476     -1
    24.0  0.9328      1
    25.0  0.5884     -1
    26.0  0.3703      1
    27.0  0.2326     -1
    28.0  0.1459      1
    29.0  0.9133E-01 -1
    30.0  0.5709E-01  1
    31.0  0.3564E-01 -1
