     0.0   1.677      1
     1.0   5.029     -1
     2.0   8.376      1
     3.0   11.72     -1
     4.0   15.04      1
     5.0   18.35     -1
     6.0   21.64      1
     7.0   24.91     -1
     8.0   28.14      1
     9.0   31.33     -1
    10.0   34.47      1
    11.0   37.54     -1
    12.0   40.50      1
    13.0   43.28     -1
    14.0   45.73      1
    15.0   47.50     -1
    16.0   47.95      1
    17.0   46.43     -1
    18.0   42.75      1
    19.0   37.37     -1
    20.0   31.21      1
    21.0   25.12     -1
    22.0   19.66      1
    23.0   15.07     -1
    24.0   11.39      1
    25.0   8.513     -1
    26.0   6.314      1
    27.0   4.655     -1
    28.0   3.417      1
    29.0   2.500     -1
    30.0   1.824      1
    31.0   1.327     -1
    32.0  0.9643      1
    33.0  0.6993     -1
    34.0  0.5064      1
    35.0  0.3662     -1
    36.0  0.2645      1
    37.0  0.1908     -1
    38.0  0.1375      1
    39.0  0.9901E-01 -1
    40.0  0.7122E-01  1
    41.0  0.5118E-01 -1
