     0.0   1.874      1
     0.0   3.750     -1
     1.0   11.22      1
     1.0   22.45     -1
     2.0   18.59      1
     2.0   37.16     -1
     3.0   25.64      1
     3.0   51.35     -1
     4.0   32.69      1
     4.0   63.23     -1
     5.0   31.87      1
     5.0   67.17     -1
     6.0   28.93      1
     6.0   58.18     -1
     7.0   21.84      1
     7.0   40.51     -1
     8.0   10.55      1
     8.0   23.90     -1
     9.0   7.294      1
     9.0   12.90     -1
    10.0   2.884      1
    10.0   6.673     -1
    11.0   1.922      1
    11.0   3.380     -1
    12.0  0.7282      1
    12.0   1.689     -1
    13.0  0.4761      1
    13.0  0.8363     -1
    14.0  0.1768      1
