     0.5   4.251      1
     0.5   8.517     -1
     1.5   12.72      1
     1.5   25.40     -1
     2.5   18.66      1
     2.5   37.51     -1
     3.5   24.55      1
     3.5   48.02     -1
     4.5   26.55      1
     4.5   54.51     -1
     5.5   27.55      1
     5.5   54.14     -1
     6.5   21.83      1
     6.5   45.77     -1
     7.5   17.83      1
     7.5   32.49     -1
     8.5   8.648      1
     8.5   19.94     -1
     9.5   6.430      1
     9.5   11.21     -1
    10.5   2.551      1
    10.5   6.024     -1
    11.5   1.828      1
    11.5   3.164     -1
    12.5  0.6912      1
    12.5   1.639     -1
    13.5  0.4861      1
