     0.0   5.864      1
     1.0   17.59     -1
     2.0   29.31      1
     3.0   41.01     -1
     4.0   52.72      1
     5.0   64.38     -1
     6.0   76.07      1
     7.0   87.83     -1
     8.0   99.17      1
     9.0   112.1     -1
    10.0   120.8      1
    11.0   103.2     -1
    12.0   68.91      1
    13.0   40.96     -1
    14.0   23.41      1
    15.0   13.22     -1
    16.0   7.423      1
    17.0   4.156     -1
    18.0   2.320      1
    19.0   1.292     -1
    20.0  0.7170      1
    21.0  0.3970     -1
    22.0  0.2192      1
    23.0  0.1208     -1
    24.0  0.6640E-01  1
    25.0  0.3643E-01 -1
    26.0  0.1995E-01  1
