     0.5   5.717      1
     0.5   11.38     -1
     1.5   11.08      1
     1.5   22.35     -1
     2.5   16.42      1
     2.5   32.22     -1
     3.5   19.14      1
     3.5   40.09     -1
     4.5   24.50      1
     4.5   45.08     -1
     5.5   19.48      1
     5.5   45.68     -1
     6.5   24.53      1
     6.5   40.46     -1
     7.5   11.28      1
     7.5   30.79     -1
     8.5   13.34      1
     8.5   20.44     -1
     9.5   4.123      1
     9.5   12.27     -1
    10.5   4.617      1
    10.5   6.892     -1
    11.5   1.219      1
    11.5   3.724     -1
    12.5   1.327      1
    12.5   1.970     -1
    13.5  0.3363      1
    13.5   1.030     -1
    14.5  0.3608      1
    14.5  0.5359     -1
    15.5  0.9097E-01  1
    15.5  0.2779     -1
    16.5  0.9668E-01  1
