     0.5   14.21      1
     0.5   28.58     -1
     1.5   28.17      1
     1.5   56.92     -1
     2.5   42.26      1
     2.5   85.79     -1
     3.5   54.39      1
     3.5   112.4     -1
     4.5   67.98      1
     4.5   106.8     -1
     5.5   18.76      1
     5.5   65.31     -1
     6.5   21.88      1
     6.5   29.91     -1
     7.5   3.317      1
     7.5   12.49     -1
     8.5   3.732      1
     8.5   5.079     -1
     9.5  0.5399      1
     9.5   2.037     -1
    10.5  0.5938      1
    10.5  0.8076     -1
    11.5  0.8377E-01  1
    11.5  0.3170     -1
    12.5  0.9075E-01  1
