     0.0   1.754      1
     1.0   5.261     -1
     2.0   8.763      1
     3.0   12.26     -1
     4.0   15.74      1
     5.0   19.20     -1
     6.0   22.64      1
     7.0   26.06     -1
     8.0   29.45      1
     9.0   32.79     -1
    10.0   36.07      1
    11.0   39.28     -1
    12.0   42.37      1
    13.0   45.25     -1
    14.0   47.74      1
    15.0   49.37     -1
    16.0   49.36      1
    17.0   47.06     -1
    18.0   42.48      1
    19.0   36.37     -1
    20.0   29.77      1
    21.0   23.53     -1
    22.0   18.13      1
    23.0   13.71     -1
    24.0   10.24      1
    25.0   7.569     -1
    26.0   5.558      1
    27.0   4.061     -1
    28.0   2.955      1
    29.0   2.143     -1
    30.0   1.551      1
    31.0   1.120     -1
    32.0  0.8070      1
    33.0  0.5806     -1
    34.0  0.4172      1
    35.0  0.2994     -1
    36.0  0.2146      1
    37.0  0.1536     -1
    38.0  0.1098      1
    39.0  0.7848E-01 -1
    40.0  0.5602E-01  1
    41.0  0.3995E-01 -1
