     0.0   3.964      1
     0.0   7.985     -1
     1.0   23.71      1
     1.0   47.80     -1
     2.0   39.19      1
     2.0   79.84     -1
     3.0   50.79      1
     3.0   108.3     -1
     4.0   62.80      1
     4.0   114.3     -1
     5.0   46.46      1
     5.0   83.57     -1
     6.0   15.98      1
     6.0   41.52     -1
     7.0   10.50      1
     7.0   16.84     -1
     8.0   2.459      1
     8.0   6.509     -1
     9.0   1.540      1
     9.0   2.478     -1
    10.0  0.3537      1
    10.0  0.9333     -1
    11.0  0.2161      1
    11.0  0.3479     -1
