     0.0  0.1865      1
     0.0  0.3740     -1
     1.0   1.683      1
     1.0   3.362     -1
     2.0   3.717      1
     2.0   7.439     -1
     3.0   5.161      1
     3.0   10.31     -1
     4.0   6.534      1
     4.0   13.08     -1
     5.0   7.858      1
     5.0   15.70     -1
     6.0   9.040      1
     6.0   18.11     -1
     7.0   10.15      1
     7.0   20.25     -1
     8.0   10.99      1
     8.0   22.04     -1
     9.0   11.73      1
     9.0   23.37     -1
    10.0   12.01      1
    10.0   24.14     -1
    11.0   12.18      1
    11.0   24.23     -1
    12.0   11.73      1
    12.0   23.56     -1
    13.0   11.08      1
    13.0   22.11     -1
    14.0   10.01      1
    14.0   19.98     -1
    15.0   8.635      1
    15.0   17.38     -1
    16.0   7.360      1
    16.0   14.56     -1
    17.0   5.799      1
    17.0   11.79     -1
    18.0   4.732      1
    18.0   9.274     -1
    19.0   3.476      1
    19.0   7.124     -1
    20.0   2.758      1
    20.0   5.372     -1
    21.0   1.939      1
    21.0   3.993     -1
    22.0   1.513      1
    22.0   2.936     -1
    23.0   1.037      1
    23.0   2.141     -1
    24.0  0.8008      1
    24.0   1.551     -1
    25.0  0.5409      1
    25.0   1.119     -1
