     0.5   9.033      1
     0.5   18.17     -1
     1.5   27.01      1
     1.5   54.42     -1
     2.5   37.77      1
     2.5   79.04     -1
     3.5   48.11      1
     3.5   92.84     -1
     4.5   44.64      1
     4.5   87.97     -1
     5.5   35.22      1
     5.5   63.42     -1
     6.5   13.08      1
     6.5   33.50     -1
     7.5   9.040      1
     7.5   14.55     -1
     8.5   2.248      1
     8.5   5.950     -1
     9.5   1.484      1
     9.5   2.388     -1
    10.5  0.3588      1
    10.5  0.9478     -1
