     0.5   2.810      1
     0.5   5.599     -1
     1.5   5.476      1
     1.5   11.04     -1
     2.5   8.178      1
     2.5   16.14     -1
     3.5   10.10      1
     3.5   20.65     -1
     4.5   12.58      1
     4.5   24.25     -1
     5.5   12.46      1
     5.5   26.57     -1
     6.5   14.88      1
     6.5   27.22     -1
     7.5   11.31      1
     7.5   25.95     -1
     8.5   13.29      1
     8.5   22.90     -1
     9.5   7.614      1
     9.5   18.74     -1
    10.5   8.658      1
    10.5   14.34     -1
    11.5   4.044      1
    11.5   10.39     -1
    12.5   4.454      1
    12.5   7.232     -1
    13.5   1.860      1
    13.5   4.884     -1
    14.5   2.006      1
    14.5   3.229     -1
    15.5  0.7939      1
    15.5   2.104     -1
    16.5  0.8456      1
    16.5   1.356     -1
    17.5  0.3258      1
    17.5  0.8671     -1
    18.5  0.3442      1
    18.5  0.5511     -1
    19.5  0.1307      1
    19.5  0.3486     -1
    20.5  0.1373      1
    20.5  0.2196     -1
    21.5  0.5163E-01  1
    21.5  0.1378     -1
