     0.0   1.972      1
     0.0   3.969     -1
     1.0   17.68      1
     1.0   35.75     -1
     2.0   37.78      1
     2.0   77.95     -1
     3.0   51.54      1
     3.0   99.84     -1
     4.0   53.96      1
     4.0   106.1     -1
     5.0   51.50      1
     5.0   96.21     -1
     6.0   36.98      1
     6.0   69.13     -1
     7.0   13.33      1
     7.0   35.17     -1
     8.0   8.660      1
     8.0   13.79     -1
     9.0   1.962      1
     9.0   5.202     -1
    10.0   1.220      1
    10.0   1.969     -1
