     0.5   22.88      1
     0.5   46.19     -1
     1.5   44.96      1
     1.5   91.57     -1
     2.5   67.44      1
     2.5   141.5     -1
     3.5   61.45      1
     3.5   160.2     -1
     4.5   76.81      1
     4.5   100.8     -1
     5.5   8.026      1
     5.5   36.75     -1
     6.5   9.363      1
     6.5   12.01     -1
     7.5  0.8635      1
     7.5   3.889     -1
     8.5  0.9714      1
     8.5   1.249     -1
     9.5  0.8814E-01  1
     9.5  0.3968     -1
    10.5  0.9695E-01  1
