     0.0   1.802      1
     0.0   3.624     -1
     1.0   16.16      1
     1.0   32.61     -1
     2.0   34.87      1
     2.0   71.39     -1
     3.0   47.96      1
     3.0   92.63     -1
     4.0   50.82      1
     4.0   100.3     -1
     5.0   49.21      1
     5.0   93.22     -1
     6.0   36.23      1
     6.0   70.37     -1
     7.0   15.44      1
     7.0   38.95     -1
     8.0   10.16      1
     8.0   16.40     -1
     9.0   2.493      1
     9.0   6.484     -1
    10.0   1.565      1
    10.0   2.557     -1
