     0.5   4.633      1
     0.5   9.285     -1
     1.5   13.87      1
     1.5   27.69     -1
     2.5   20.31      1
     2.5   40.88     -1
     3.5   26.73      1
     3.5   52.10     -1
     4.5   28.46      1
     4.5   58.38     -1
     5.5   28.78      1
     5.5   56.58     -1
     6.5   21.70      1
     6.5   46.02     -1
     7.5   17.32      1
     7.5   31.10     -1
     8.5   7.773      1
     8.5   18.20     -1
     9.5   5.690      1
     9.5   9.829     -1
    10.5   2.141      1
    10.5   5.109     -1
    11.5   1.514      1
    11.5   2.603     -1
    12.5  0.5473      1
    12.5   1.310     -1
    13.5  0.3804      1
