     0.5   19.06      1
     0.5   38.45     -1
     1.5   37.59      1
     1.5   76.37     -1
     2.5   56.38      1
     2.5   117.0     -1
     3.5   62.42      1
     3.5   143.2     -1
     4.5   78.03      1
     4.5   108.6     -1
     5.5   11.63      1
     5.5   48.36     -1
     6.5   13.56      1
     6.5   17.79     -1
     7.5   1.513      1
     7.5   6.342     -1
     8.5   1.702      1
     8.5   2.237     -1
     9.5  0.1864      1
     9.5  0.7805     -1
    10.5  0.2051      1
    10.5  0.2693     -1
    11.5  0.2187E-01  1
    11.5  0.9192E-01 -1
