     0.0   4.620      1
     0.0   9.307     -1
     1.0   27.63      1
     1.0   55.73     -1
     2.0   45.60      1
     2.0   93.33     -1
     3.0   56.00      1
     3.0   124.3     -1
     4.0   65.47      1
     4.0   121.9     -1
     5.0   46.90      1
     5.0   78.67     -1
     6.0   12.14      1
     6.0   33.49     -1
     7.0   7.819      1
     7.0   12.25     -1
     8.0   1.593      1
     8.0   4.374     -1
     9.0  0.9821      1
     9.0   1.547     -1
    10.0  0.1979      1
