     0.5   16.01      1
     0.5   33.39     -1
     1.5   31.74      1
     1.5   66.20     -1
     2.5   47.13      1
     2.5   102.6     -1
     3.5   66.23      1
     3.5   137.5     -1
     4.5   91.28      1
     4.5   135.0     -1
     5.5   18.64      1
     5.5   76.28     -1
     6.5   22.87      1
     6.5   29.19     -1
     7.5   1.935      1
     7.5   9.323     -1
     8.5   2.197      1
     8.5   2.764     -1
     9.5  0.1641      1
     9.5  0.7968     -1
    10.5  0.1808      1
    10.5  0.2283     -1
    11.5  0.1391E-01  1
    11.5  0.6581E-01 -1
