     0.0   4.471      1
     0.0   9.007     -1
     1.0   26.74      1
     1.0   53.92     -1
     2.0   44.14      1
     2.0   90.26     -1
     3.0   55.06      1
     3.0   120.8     -1
     4.0   65.52      1
     4.0   121.0     -1
     5.0   47.26      1
     5.0   80.66     -1
     6.0   13.11      1
     6.0   35.68     -1
     7.0   8.482      1
     7.0   13.36     -1
     8.0   1.782      1
     8.0   4.854     -1
     9.0   1.102      1
     9.0   1.745     -1
    10.0  0.2286      1
    10.0  0.6207     -1
    11.0  0.1381      1
    11.0  0.2185     -1
