     0.0   4.333      1
     0.0   8.730     -1
     1.0   25.91      1
     1.0   52.26     -1
     2.0   42.79      1
     2.0   87.43     -1
     3.0   53.98      1
     3.0   117.5     -1
     4.0   64.99      1
     4.0   119.4     -1
     5.0   47.16      1
     5.0   81.59     -1
     6.0   13.84      1
     6.0   37.21     -1
     7.0   8.985      1
     7.0   14.22     -1
     8.0   1.942      1
     8.0   5.250     -1
     9.0   1.205      1
     9.0   1.916     -1
    10.0  0.2568      1
    10.0  0.6919     -1
    11.0  0.1556      1
    11.0  0.2473     -1
