     0.0   1.963      1
     0.0   3.928     -1
     1.0   11.75      1
     1.0   23.52     -1
     2.0   19.47      1
     2.0   38.93     -1
     3.0   26.86      1
     3.0   53.82     -1
     4.0   34.29      1
     4.0   66.03     -1
     5.0   32.83      1
     5.0   69.24     -1
     6.0   28.83      1
     6.0   58.53     -1
     7.0   21.52      1
     7.0   39.52     -1
     8.0   9.917      1
     8.0   22.67     -1
     9.0   6.803      1
     9.0   11.96     -1
    10.0   2.608      1
    10.0   6.074     -1
    11.0   1.727      1
    11.0   3.024     -1
    12.0  0.6373      1
    12.0   1.487     -1
    13.0  0.4143      1
    13.0  0.7245     -1
    14.0  0.1499      1
