     0.5   1.877      1
     0.5   3.742     -1
     1.5   3.678      1
     1.5   7.403     -1
     2.5   5.504      1
     2.5   10.90     -1
     3.5   6.950      1
     3.5   14.12     -1
     4.5   8.656      1
     4.5   16.93     -1
     5.5   9.255      1
     5.5   19.16     -1
     6.5   10.84      1
     6.5   20.64     -1
     7.5   9.818      1
     7.5   21.15     -1
     8.5   11.27      1
     8.5   20.56     -1
     9.5   8.291      1
     9.5   18.88     -1
    10.5   9.365      1
    10.5   16.36     -1
    11.5   5.619      1
    11.5   13.44     -1
    12.5   6.206      1
    12.5   10.53     -1
    13.5   3.227      1
    13.5   7.956     -1
    14.5   3.493      1
    14.5   5.840     -1
    15.5   1.675      1
    15.5   4.195     -1
    16.5   1.788      1
    16.5   2.967     -1
    17.5  0.8212      1
    17.5   2.073     -1
    18.5  0.8686      1
    18.5   1.436     -1
    19.5  0.3898      1
    19.5  0.9880     -1
    20.5  0.4096      1
    20.5  0.6760     -1
    21.5  0.1813      1
    21.5  0.4605     -1
    22.5  0.1896      1
    22.5  0.3125     -1
    23.5  0.8312E-01  1
    23.5  0.2114     -1
    24.5  0.8660E-01  1
