     0.0   1.205      1
     0.0   2.412     -1
     1.0   10.82      1
     1.0   21.68     -1
     2.0   23.77      1
     2.0   47.78     -1
     3.0   32.75      1
     3.0   65.94     -1
     4.0   40.81      1
     4.0   83.09     -1
     5.0   49.54      1
     5.0   96.44     -1
     6.0   49.18      1
     6.0   100.3     -1
     7.0   46.57      1
     7.0   91.24     -1
     8.0   36.10      1
     8.0   70.40     -1
     9.0   19.89      1
     9.0   44.23     -1
    10.0   13.26      1
    10.0   22.91     -1
    11.0   4.210      1
    11.0   10.39     -1
    12.0   2.637      1
    12.0   4.381     -1
    13.0  0.7070      1
