     0.5   18.04      1
     0.5   36.39     -1
     1.5   35.63      1
     1.5   72.32     -1
     2.5   53.44      1
     2.5   110.4     -1
     3.5   61.68      1
     3.5   137.7     -1
     4.5   77.10      1
     4.5   109.6     -1
     5.5   12.86      1
     5.5   51.85     -1
     6.5   15.00      1
     6.5   19.81     -1
     7.5   1.771      1
     7.5   7.270     -1
     8.5   1.992      1
     8.5   2.635     -1
     9.5  0.2302      1
     9.5  0.9444     -1
    10.5  0.2533      1
    10.5  0.3348     -1
    11.5  0.2853E-01  1
    11.5  0.1174     -1
