     0.5   2.500      1
     0.5   4.982     -1
     1.5   4.879      1
     1.5   9.832     -1
     2.5   7.292      1
     2.5   14.41     -1
     3.5   9.071      1
     3.5   18.51     -1
     4.5   11.29      1
     4.5   21.88     -1
     5.5   11.49      1
     5.5   24.24     -1
     6.5   13.62      1
     6.5   25.25     -1
     7.5   10.98      1
     7.5   24.67     -1
     8.5   12.82      1
     8.5   22.47     -1
     9.5   7.941      1
     9.5   19.08     -1
    10.5   9.024      1
    10.5   15.18     -1
    11.5   4.547      1
    11.5   11.43     -1
    12.5   5.015      1
    12.5   8.250     -1
    13.5   2.238      1
    13.5   5.764     -1
    14.5   2.417      1
    14.5   3.935     -1
    15.5   1.014      1
    15.5   2.641     -1
    16.5   1.081      1
    16.5   1.752     -1
    17.5  0.4399      1
    17.5   1.151     -1
    18.5  0.4649      1
    18.5  0.7516     -1
    19.5  0.1860      1
    19.5  0.4880     -1
    20.5  0.1954      1
    20.5  0.3155     -1
    21.5  0.7730E-01  1
    21.5  0.2032     -1
    22.5  0.8083E-01  1
