     0.0   1.519      1
     1.0   4.555     -1
     2.0   7.587      1
     3.0   10.61     -1
     4.0   13.62      1
     5.0   16.62     -1
     6.0   19.60      1
     7.0   22.56     -1
     8.0   25.48      1
     9.0   28.37     -1
    10.0   31.22      1
    11.0   34.00     -1
    12.0   36.69      1
    13.0   39.24     -1
    14.0   41.56      1
    15.0   43.46     -1
    16.0   44.55      1
    17.0   44.31     -1
    18.0   42.33      1
    19.0   38.62     -1
    20.0   33.68      1
    21.0   28.23     -1
    22.0   22.90      1
    23.0   18.13     -1
    24.0   14.08      1
    25.0   10.79     -1
    26.0   8.184      1
    27.0   6.161     -1
    28.0   4.611      1
    29.0   3.437     -1
    30.0   2.552      1
    31.0   1.890     -1
    32.0   1.397      1
    33.0   1.030     -1
    34.0  0.7584      1
    35.0  0.5575     -1
    36.0  0.4093      1
    37.0  0.3002     -1
    38.0  0.2199      1
    39.0  0.1609     -1
    40.0  0.1176      1
    41.0  0.8593E-01 -1
    42.0  0.6271E-01  1
    43.0  0.4573E-01 -1
