     0.5   28.52      1
     0.5   57.50     -1
     1.5   55.83      1
     1.5   113.8     -1
     2.5   83.74      1
     2.5   175.6     -1
     3.5   53.44      1
     3.5   175.9     -1
     4.5   66.80      1
     4.5   83.22     -1
     5.5   4.816      1
     5.5   24.52     -1
     6.5   5.618      1
     6.5   7.028     -1
     7.5  0.4081      1
     7.5   2.019     -1
     8.5  0.4591      1
     8.5  0.5754     -1
     9.5  0.3267E-01  1
     9.5  0.1619     -1
    10.5  0.3594E-01  1
