     0.0   1.777      1
     0.0   3.572     -1
     1.0   15.94      1
     1.0   32.14     -1
     2.0   34.42      1
     2.0   70.39     -1
     3.0   47.39      1
     3.0   91.51     -1
     4.0   50.31      1
     4.0   99.42     -1
     5.0   48.83      1
     5.0   92.71     -1
     6.0   36.11      1
     6.0   70.51     -1
     7.0   15.78      1
     7.0   39.53     -1
     8.0   10.40      1
     8.0   16.84     -1
     9.0   2.586      1
     9.0   6.708     -1
    10.0   1.627      1
    10.0   2.662     -1
