     0.5   4.802      1
     0.5   9.628     -1
     1.5   14.37      1
     1.5   28.72     -1
     2.5   21.04      1
     2.5   42.39     -1
     3.5   27.70      1
     3.5   53.90     -1
     4.5   29.28      1
     4.5   60.03     -1
     5.5   29.27      1
     5.5   57.55     -1
     6.5   21.57      1
     6.5   46.01     -1
     7.5   17.05      1
     7.5   30.43     -1
     8.5   7.405      1
     8.5   17.45     -1
     9.5   5.386      1
     9.5   9.269     -1
    10.5   1.982      1
    10.5   4.751     -1
    11.5   1.395      1
    11.5   2.390     -1
    12.5  0.4942      1
    12.5   1.188     -1
    13.5  0.3418      1
