     0.0  0.3463      1
     0.0  0.6950     -1
     1.0   3.126      1
     1.0   6.245     -1
     2.0   6.884      1
     2.0   13.78     -1
     3.0   9.514      1
     3.0   19.00     -1
     4.0   11.91      1
     4.0   23.87     -1
     5.0   14.16      1
     5.0   28.22     -1
     6.0   15.81      1
     6.0   31.80     -1
     7.0   17.31      1
     7.0   34.34     -1
     8.0   17.59      1
     8.0   35.50     -1
     9.0   17.63      1
     9.0   35.01     -1
    10.0   16.35      1
    10.0   32.78     -1
    11.0   14.43      1
    11.0   29.01     -1
    12.0   12.28      1
    12.0   24.22     -1
    13.0   9.333      1
    13.0   19.12     -1
    14.0   7.407      1
    14.0   14.35     -1
    15.0   4.959      1
    15.0   10.33     -1
    16.0   3.758      1
    16.0   7.192     -1
    17.0   2.324      1
    17.0   4.887     -1
    18.0   1.716      1
    18.0   3.263     -1
    19.0   1.018      1
    19.0   2.151     -1
    20.0  0.7414      1
    20.0   1.406     -1
