     0.0   4.939      1
     0.0   9.948     -1
     1.0   29.54      1
     1.0   59.57     -1
     2.0   48.72      1
     2.0   99.84     -1
     3.0   58.38      1
     3.0   131.7     -1
     4.0   66.27      1
     4.0   125.4     -1
     5.0   47.00      1
     5.0   76.90     -1
     6.0   10.93      1
     6.0   30.86     -1
     7.0   6.993      1
     7.0   10.85     -1
     8.0   1.341      1
     8.0   3.746     -1
     9.0  0.8217      1
     9.0   1.282     -1
    10.0  0.1559      1
