     0.5   6.393      1
     0.5   12.85     -1
     1.5   19.13      1
     1.5   38.36     -1
     2.5   27.74      1
     2.5   56.45     -1
     3.5   36.39      1
     3.5   69.96     -1
     4.5   36.34      1
     4.5   73.44     -1
     5.5   32.63      1
     5.5   63.27     -1
     6.5   18.87      1
     6.5   43.04     -1
     7.5   13.93      1
     7.5   23.65     -1
     8.5   4.665      1
     8.5   11.57     -1
     9.5   3.237      1
     9.5   5.408     -1
    10.5  0.9936      1
    10.5   2.477     -1
    11.5  0.6714      1
