     0.5   1.949      1
     0.5   3.886     -1
     1.5   3.818      1
     1.5   7.686     -1
     2.5   5.712      1
     2.5   11.31     -1
     3.5   7.200      1
     3.5   14.63     -1
     4.5   8.967      1
     4.5   17.52     -1
     5.5   9.536      1
     5.5   19.78     -1
     6.5   11.18      1
     6.5   21.22     -1
     7.5   9.995      1
     7.5   21.64     -1
     8.5   11.50      1
     8.5   20.87     -1
     9.5   8.283      1
     9.5   18.99     -1
    10.5   9.367      1
    10.5   16.28     -1
    11.5   5.496      1
    11.5   13.23     -1
    12.5   6.071      1
    12.5   10.26     -1
    13.5   3.095      1
    13.5   7.674     -1
    14.5   3.350      1
    14.5   5.581     -1
    15.5   1.579      1
    15.5   3.975     -1
    16.5   1.685      1
    16.5   2.788     -1
    17.5  0.7625      1
    17.5   1.934     -1
    18.5  0.8064      1
    18.5   1.330     -1
    19.5  0.3568      1
    19.5  0.9082     -1
    20.5  0.3749      1
    20.5  0.6170     -1
    21.5  0.1636      1
    21.5  0.4174     -1
    22.5  0.1711      1
    22.5  0.2814     -1
    23.5  0.7401E-01  1
    23.5  0.1890     -1
    24.5  0.7711E-01  1
