     0.5   19.61      1
     0.5   39.56     -1
     1.5   38.65      1
     1.5   78.56     -1
     2.5   57.97      1
     2.5   120.5     -1
     3.5   62.63      1
     3.5   146.1     -1
     4.5   78.29      1
     4.5   107.9     -1
     5.5   11.01      1
     5.5   46.53     -1
     6.5   12.85      1
     6.5   16.79     -1
     7.5   1.392      1
     7.5   5.898     -1
     8.5   1.566      1
     8.5   2.051     -1
     9.5  0.1667      1
     9.5  0.7055     -1
    10.5  0.1833      1
    10.5  0.2399     -1
    11.5  0.1900E-01  1
    11.5  0.8074E-01 -1
