     0.5   5.609      1
     0.5   11.26     -1
     1.5   16.79      1
     1.5   33.60     -1
     2.5   24.49      1
     2.5   49.54     -1
     3.5   32.21      1
     3.5   62.23     -1
     4.5   33.02      1
     4.5   67.30     -1
     5.5   31.22      1
     5.5   61.15     -1
     6.5   20.45      1
     6.5   45.03     -1
     7.5   15.54      1
     7.5   27.00     -1
     8.5   5.859      1
     8.5   14.19     -1
     9.5   4.151      1
     9.5   7.030     -1
    10.5   1.386      1
    10.5   3.391     -1
    11.5  0.9539      1
    11.5   1.612     -1
    12.5  0.3095      1
    12.5  0.7585     -1
