     0.0   4.080      1
     0.0   8.220     -1
     1.0   24.40      1
     1.0   49.20     -1
     2.0   40.33      1
     2.0   82.23     -1
     3.0   51.84      1
     3.0   111.3     -1
     4.0   63.61      1
     4.0   116.0     -1
     5.0   46.75      1
     5.0   83.04     -1
     6.0   15.28      1
     6.0   40.13     -1
     7.0   9.994      1
     7.0   15.97     -1
     8.0   2.281      1
     8.0   6.078     -1
     9.0   1.424      1
     9.0   2.283     -1
    10.0  0.3193      1
    10.0  0.8482     -1
    11.0  0.1946      1
    11.0  0.3119     -1
