     0.5   20.80      1
     0.5   41.99     -1
     1.5   40.95      1
     1.5   83.32     -1
     2.5   61.43      1
     2.5   128.3     -1
     3.5   62.65      1
     3.5   151.7     -1
     4.5   78.31      1
     4.5   105.7     -1
     5.5   9.797      1
     5.5   42.73     -1
     6.5   11.43      1
     6.5   14.83     -1
     7.5   1.165      1
     7.5   5.049     -1
     8.5   1.310      1
     8.5   1.704     -1
     9.5  0.1313      1
     9.5  0.5688     -1
    10.5  0.1445      1
    10.5  0.1877     -1
    11.5  0.1409E-01  1
    11.5  0.6128E-01 -1
