     0.5   1.522      1
     0.5   3.036     -1
     1.5   2.990      1
     1.5   6.015     -1
     2.5   4.479      1
     2.5   8.879     -1
     3.5   5.705      1
     3.5   11.56     -1
     4.5   7.112      1
     4.5   13.97     -1
     5.5   7.798      1
     5.5   16.01     -1
     6.5   9.099      1
     6.5   17.55     -1
     7.5   8.756      1
     7.5   18.46     -1
     8.5   9.956      1
     8.5   18.61     -1
     9.5   8.125      1
     9.5   17.89     -1
    10.5   9.112      1
    10.5   16.36     -1
    11.5   6.161      1
    11.5   14.23     -1
    12.5   6.794      1
    12.5   11.81     -1
    13.5   3.932      1
    13.5   9.408     -1
    14.5   4.260      1
    14.5   7.258     -1
    15.5   2.236      1
    15.5   5.460     -1
    16.5   2.390      1
    16.5   4.031     -1
    17.5   1.189      1
    17.5   2.934     -1
    18.5   1.259      1
    18.5   2.113     -1
    19.5  0.6088      1
    19.5   1.509     -1
    20.5  0.6400      1
    20.5   1.072     -1
    21.5  0.3044      1
    21.5  0.7568     -1
    22.5  0.3184      1
    22.5  0.5324     -1
    23.5  0.1499      1
    23.5  0.3732     -1
    24.5  0.1561      1
    24.5  0.2608     -1
    25.5  0.7293E-01  1
    25.5  0.1818     -1
    26.5  0.7574E-01  1
