     0.0  0.3145      1
     0.0  0.6312     -1
     1.0   2.839      1
     1.0   5.672     -1
     2.0   6.256      1
     2.0   12.52     -1
     3.0   8.652      1
     3.0   17.28     -1
     4.0   10.86      1
     4.0   21.75     -1
     5.0   12.94      1
     5.0   25.79     -1
     6.0   14.53      1
     6.0   29.21     -1
     7.0   15.99      1
     7.0   31.77     -1
     8.0   16.47      1
     8.0   33.20     -1
     9.0   16.75      1
     9.0   33.25     -1
    10.0   15.82      1
    10.0   31.77     -1
    11.0   14.40      1
    11.0   28.83     -1
    12.0   12.51      1
    12.0   24.79     -1
    13.0   9.928      1
    13.0   20.21     -1
    14.0   8.044      1
    14.0   15.68     -1
    15.0   5.638      1
    15.0   11.66     -1
    16.0   4.352      1
    16.0   8.378     -1
    17.0   2.805      1
    17.0   5.863     -1
    18.0   2.104      1
    18.0   4.023     -1
    19.0   1.295      1
    19.0   2.721     -1
    20.0  0.9560      1
    20.0   1.822     -1
    21.0  0.5747      1
    21.0   1.211     -1
