     0.5   10.18      1
     0.5   20.39     -1
     1.5   20.23      1
     1.5   40.64     -1
     2.5   30.35      1
     2.5   60.62     -1
     3.5   40.25      1
     3.5   80.62     -1
     4.5   50.31      1
     4.5   89.69     -1
     5.5   26.14      1
     5.5   73.40     -1
     6.5   30.50      1
     6.5   44.40     -1
     7.5   6.775      1
     7.5   22.66     -1
     8.5   7.622      1
     8.5   10.81     -1
     9.5   1.472      1
     9.5   5.013     -1
    10.5   1.619      1
    10.5   2.290     -1
    11.5  0.3023      1
    11.5   1.034     -1
    12.5  0.3275      1
    12.5  0.4626     -1
    13.5  0.5986E-01  1
    13.5  0.2053     -1
    14.5  0.6413E-01  1
