     0.0   1.856      1
     0.0   3.733     -1
     1.0   16.64      1
     1.0   33.60     -1
     2.0   35.80      1
     2.0   73.46     -1
     3.0   49.12      1
     3.0   94.94     -1
     4.0   51.85      1
     4.0   102.2     -1
     5.0   49.97      1
     5.0   94.23     -1
     6.0   36.47      1
     6.0   70.03     -1
     7.0   14.75      1
     7.0   37.75     -1
     8.0   9.661      1
     8.0   15.53     -1
     9.0   2.310      1
     9.0   6.046     -1
    10.0   1.446      1
    10.0   2.352     -1
