     0.0   1.846      1
     0.0   3.694     -1
     1.0   11.05      1
     1.0   22.11     -1
     2.0   18.32      1
     2.0   36.60     -1
     3.0   25.26      1
     3.0   50.58     -1
     4.0   32.18      1
     4.0   62.33     -1
     5.0   31.56      1
     5.0   66.48     -1
     6.0   28.93      1
     6.0   58.03     -1
     7.0   21.93      1
     7.0   40.80     -1
     8.0   10.76      1
     8.0   24.30     -1
     9.0   7.456      1
     9.0   13.21     -1
    10.0   2.978      1
    10.0   6.875     -1
    11.0   1.988      1
    11.0   3.501     -1
    12.0  0.7599      1
    12.0   1.759     -1
    13.0  0.4976      1
    13.0  0.8755     -1
    14.0  0.1864      1
