     0.0   1.931      1
     1.0   5.791     -1
     2.0   9.646      1
     3.0   13.49     -1
     4.0   17.32      1
     5.0   21.14     -1
     6.0   24.93      1
     7.0   28.69     -1
     8.0   32.42      1
     9.0   36.11     -1
    10.0   39.73      1
    11.0   43.26     -1
    12.0   46.64      1
    13.0   49.76     -1
    14.0   52.23      1
    15.0   53.25     -1
    16.0   51.78      1
    17.0   47.42     -1
    18.0   40.86      1
    19.0   33.40     -1
    20.0   26.22      1
    21.0   19.98     -1
    22.0   14.92      1
    23.0   10.98     -1
    24.0   7.996      1
    25.0   5.783     -1
    26.0   4.161      1
    27.0   2.981     -1
    28.0   2.129      1
    29.0   1.517     -1
    30.0   1.078      1
    31.0  0.7649     -1
    32.0  0.5418      1
    33.0  0.3832     -1
    34.0  0.2707      1
    35.0  0.1910     -1
    36.0  0.1346      1
    37.0  0.9471E-01 -1
    38.0  0.6660E-01  1
    39.0  0.4678E-01 -1
