     0.0   2.619      1
     1.0   7.854     -1
     2.0   13.08      1
     3.0   18.30     -1
     4.0   23.50      1
     5.0   28.68     -1
     6.0   33.84      1
     7.0   38.96     -1
     8.0   44.05      1
     9.0   49.08     -1
    10.0   54.02      1
    11.0   58.83     -1
    12.0   63.33      1
    13.0   66.42     -1
    14.0   65.70      1
    15.0   59.60     -1
    16.0   49.46      1
    17.0   38.23     -1
    18.0   28.15      1
    19.0   20.09     -1
    20.0   14.06      1
    21.0   9.713     -1
    22.0   6.657      1
    23.0   4.536     -1
    24.0   3.078      1
    25.0   2.081     -1
    26.0   1.404      1
    27.0  0.9444     -1
    28.0  0.6341      1
    29.0  0.4250     -1
    30.0  0.2844      1
    31.0  0.1900     -1
    32.0  0.1268      1
    33.0  0.8448E-01 -1
    34.0  0.5622E-01  1
    35.0  0.3737E-01 -1
