     0.0   8.105      1
     1.0   24.32     -1
     2.0   40.52      1
     3.0   56.70     -1
     4.0   72.93      1
     5.0   89.00     -1
     6.0   105.6      1
     7.0   121.1     -1
     8.0   138.0      1
     9.0   150.0     -1
    10.0   111.7      1
    11.0   61.27     -1
    12.0   31.12      1
    13.0   15.68     -1
    14.0   7.907      1
    15.0   3.991     -1
    16.0   2.012      1
    17.0   1.012     -1
    18.0  0.5072      1
    19.0  0.2535     -1
    20.0  0.1264      1
    21.0  0.6286E-01 -1
    22.0  0.3118E-01  1
    23.0  0.1542E-01 -1
