     0.5   2.026      1
     0.5   4.039     -1
     1.5   3.966      1
     1.5   7.986     -1
     2.5   5.934      1
     2.5   11.74     -1
     3.5   7.466      1
     3.5   15.18     -1
     4.5   9.297      1
     4.5   18.14     -1
     5.5   9.828      1
     5.5   20.43     -1
     6.5   11.54      1
     6.5   21.83     -1
     7.5   10.17      1
     7.5   22.13     -1
     8.5   11.73      1
     8.5   21.18     -1
     9.5   8.263      1
     9.5   19.07     -1
    10.5   9.354      1
    10.5   16.18     -1
    11.5   5.363      1
    11.5   12.99     -1
    12.5   5.924      1
    12.5   9.971     -1
    13.5   2.960      1
    13.5   7.381     -1
    14.5   3.203      1
    14.5   5.316     -1
    15.5   1.484      1
    15.5   3.753     -1
    16.5   1.583      1
    16.5   2.611     -1
    17.5  0.7050      1
    17.5   1.796     -1
    18.5  0.7455      1
    18.5   1.226     -1
    19.5  0.3249      1
    19.5  0.8308     -1
    20.5  0.3414      1
    20.5  0.5603     -1
    21.5  0.1469      1
    21.5  0.3763     -1
    22.5  0.1536      1
    22.5  0.2518     -1
    23.5  0.6550E-01  1
    23.5  0.1680     -1
