     0.0   3.012      1
     1.0   9.033     -1
     2.0   15.05      1
     3.0   21.05     -1
     4.0   27.04      1
     5.0   33.00     -1
     6.0   38.94      1
     7.0   44.85     -1
     8.0   50.72      1
     9.0   56.53     -1
    10.0   62.23      1
    11.0   67.85     -1
    12.0   72.67      1
    13.0   73.73     -1
    14.0   67.84      1
    15.0   56.00     -1
    16.0   42.41      1
    17.0   30.36     -1
    18.0   21.02      1
    19.0   14.26     -1
    20.0   9.561      1
    21.0   6.361     -1
    22.0   4.209      1
    23.0   2.774     -1
    24.0   1.822      1
    25.0   1.194     -1
    26.0  0.7805      1
    27.0  0.5092     -1
    28.0  0.3316      1
    29.0  0.2156     -1
    30.0  0.1399      1
    31.0  0.9066E-01 -1
    32.0  0.5868E-01  1
    33.0  0.3793E-01 -1
