     0.0   5.512      1
     0.0   11.09     -1
     1.0   32.99      1
     1.0   66.45     -1
     2.0   54.34      1
     2.0   111.4     -1
     3.0   61.77      1
     3.0   144.1     -1
     4.0   65.26      1
     4.0   128.9     -1
     5.0   45.59      1
     5.0   71.46     -1
     6.0   8.799      1
     6.0   25.81     -1
     7.0   5.564      1
     7.0   8.493     -1
     8.0  0.9631      1
     8.0   2.771     -1
     9.0  0.5845      1
     9.0  0.8970     -1
    10.0  0.1001      1
